1750711240061812992.000000 0.051088925 0.006708421 -0.009081168 -0.751684189 0.019072544 0.003813716 0.659236431
1750711241161809664.000000 0.045684610 0.415533185 0.071551979 -0.740905225 -0.001649081 0.000839245 0.671607137
1750711241428463104.000000 0.006604111 0.505865693 0.052460287 -0.729180753 0.019522661 -0.011119015 0.683952272
1750711241995934464.000000 -0.005263476 0.701771021 0.021166889 -0.721903980 0.028535921 -0.004433754 0.691390455
1750711242296420096.000000 0.022560133 0.832883656 0.076168612 -0.731408775 -0.001264433 0.018222971 0.681694627
1750711242596697600.000000 0.047478255 0.950680614 0.063853487 -0.734610379 -0.029553518 0.035546530 0.676912665
1750711243897023488.000000 -0.094394587 1.340256691 0.058377631 -0.748166680 -0.047912043 0.031929176 0.661008120
1750711244230440192.000000 -0.146934167 1.413613081 0.055267215 -0.750766277 -0.104769558 0.078077376 0.647516310
1750711244463832576.000000 -0.190250620 1.462325573 0.051798701 -0.739195883 -0.175122112 0.140678853 0.634926200
1750711244663879936.000000 -0.226575822 1.507761121 0.057275735 -0.717740893 -0.239454582 0.210614815 0.618991971
1750711244897269248.000000 -0.273903280 1.544811726 0.061194777 -0.684003711 -0.315892726 0.279035538 0.595390499
1750711245197340416.000000 -0.332071304 1.557051659 0.060650617 -0.643749833 -0.395131588 0.341246814 0.559471130
1750711245697856768.000000 -0.442494899 1.494253993 0.057562161 -0.634179890 -0.425386488 0.359835804 0.536078811
1750711246365986560.000000 -0.566395462 1.357169271 0.054687288 -0.583397508 -0.480472475 0.405226588 0.514378190
1750711247432951808.000000 -0.864082694 1.383541226 0.050085768 -0.517635584 -0.562240660 0.496086091 0.412113369
1750711247732968448.000000 -0.941536903 1.344029546 0.048820358 -0.500070155 -0.590273201 0.504233956 0.383738875
1750711249899713792.000000 -1.456777096 0.817791760 0.061664179 -0.283391804 -0.682459235 0.622224152 0.258409888
1750711251833118720.000000 -1.831605315 0.191919416 0.063816898 -0.241105348 -0.688802898 0.657200873 0.188430056
1750711254399877120.000000 -1.919285655 -0.631050408 0.048605606 0.099322125 -0.749730170 0.646468997 -0.100586534
1750711254766562048.000000 -1.818245173 -0.680827022 0.044918776 0.190399423 -0.730899870 0.631173909 -0.176502168
1750711255199912960.000000 -1.683975697 -0.712724805 0.039172955 0.265951961 -0.698308647 0.624516666 -0.227186412
1750711255733276160.000000 -1.585962653 -0.805473089 0.040689200 0.349900007 -0.668615997 0.578553796 -0.309512973
1750711256166642688.000000 -1.506623268 -0.933717310 0.049286567 0.413390219 -0.621531427 0.535776258 -0.394653052
1750711256366655744.000000 -1.467106104 -0.983010888 0.050771575 0.451773375 -0.589901626 0.506936193 -0.436958492
1750711256700012544.000000 -1.388866067 -1.012125373 0.048633300 0.513397753 -0.541954875 0.446995050 -0.492851913
1750711257033367296.000000 -1.304191232 -0.972572923 0.045434475 -0.555005908 0.491845757 -0.422774225 0.520882070
1750711257233378816.000000 -1.242704034 -0.925838351 0.048737340 -0.575395703 0.464590371 -0.418305159 0.527348518
1750711257566729984.000000 -1.139046907 -0.854696870 0.050407156 -0.586986661 0.452582121 -0.410782784 0.530917645
1750711258066763520.000000 -1.008640289 -0.797526360 0.039720252 -0.615216434 0.421382338 -0.378331184 0.548462689
1750711258366778368.000000 -0.886205971 -0.790996373 0.043159351 -0.626010060 0.388719708 -0.340119511 0.584232032
1750711258600124416.000000 -0.781216919 -0.776006818 0.049178116 -0.638690114 0.361372471 -0.321423382 0.598474741
1750711258966809600.000000 -0.669806182 -0.732891738 0.049629129 -0.664995611 0.322705686 -0.281204045 0.612018168
1750711259466825216.000000 -0.572331309 -0.589775980 0.035932802 -0.683355868 0.305594385 -0.286029279 0.598184049
1750711259833512960.000000 -0.501286387 -0.460027933 0.037406631 -0.689880967 0.294467390 -0.281262577 0.598535359
1750711260200194816.000000 -0.439302266 -0.379384398 0.034452323 -0.707370222 0.263109207 -0.243637025 0.609132171
1750711260466869504.000000 -0.374970943 -0.316224903 0.027424512 -0.724861443 0.224340886 -0.203267559 0.618812859
1750711260766891264.000000 -0.288199604 -0.242188305 0.035220899 -0.732682824 0.175731391 -0.157115966 0.638442576
1750711261133580800.000000 -0.209546387 -0.159187883 0.041388866 -0.742904961 0.125158176 -0.109967239 0.648332477
1750711261366925824.000000 -0.188777566 -0.102483943 0.043660611 -0.751652181 0.086858258 -0.074817315 0.649520695
1750711261600393984.000000 -0.189585358 -0.035847630 0.042527486 -0.756675243 0.052617803 -0.046149097 0.650033951
1750711261967485184.000000 -0.234012946 0.084840640 0.038099401 -0.750458896 0.028511647 -0.040260114 0.659073412
1750711262301245696.000000 -0.281547397 0.183551237 0.039723963 -0.752476633 0.002757795 -0.020464957 0.658295214
1750711262634859264.000000 -0.302889496 0.252701104 0.047625437 -0.749851584 -0.035821818 0.018331921 0.660381258
1750711264702029568.000000 -0.662937462 0.617077172 0.055370882 -0.671343923 -0.362793833 0.303535551 0.570564806
1750711266269079552.000000 -1.061220884 0.682834625 0.050428189 -0.547055066 -0.538954556 0.446828008 0.458915591
1750711267769444864.000000 -1.315858245 0.386584073 0.047984436 -0.359129250 -0.648022234 0.578299701 0.341559470
1750711268169542400.000000 -1.435595632 0.300317824 0.055569109 -0.282927394 -0.682583988 0.621166229 0.261120290
1750711268536299008.000000 -1.537865996 0.217481807 0.062254183 -0.213805318 -0.701965570 0.653427064 0.185915992
1750711268969736448.000000 -1.574872017 0.120349824 0.056900859 -0.152500004 -0.725870430 0.658201396 0.128945395
1750711269469855488.000000 -1.548114657 -0.002838261 0.053506337 -0.124367073 -0.712472916 0.679185510 0.124988988
1750711269836611072.000000 -1.514431238 -0.102346718 0.051665470 -0.085522324 -0.709906161 0.691222906 0.104547150
1750711270270048256.000000 -1.504544854 -0.204840705 0.049973551 -0.020672770 -0.722475946 0.689713240 0.043553084
1750711270670140672.000000 -1.511683464 -0.320867181 0.049190246 0.088561371 -0.722358584 0.681863785 -0.073599488
1750711271103569152.000000 -1.515374660 -0.441662312 0.061783649 0.195972770 -0.686493278 0.674606621 -0.187690482
1750711271637025024.000000 -1.444228649 -0.542420208 0.061017789 0.326073527 -0.646726310 0.615964890 -0.309852302
1750711272037126912.000000 -1.322954655 -0.540655613 0.053104691 0.378158659 -0.612208426 0.600292683 -0.349063993
1750711272570595328.000000 -1.149531722 -0.508248031 0.053050615 0.420883238 -0.588670194 0.585092783 -0.366048127
1750711273104058112.000000 -1.024324298 -0.501910925 0.042228278 -0.538427472 0.498944700 -0.502547503 0.456723034
1750711273604178688.000000 -0.842648208 -0.587398827 0.047407191 -0.569368124 0.464743465 -0.432381719 0.522378743
1750711274137638144.000000 -0.687560916 -0.596392393 0.044822305 -0.610489607 0.426487654 -0.372216940 0.553954244
1750711274637754880.000000 -0.605754673 -0.467095137 0.039057389 -0.644297898 0.367414206 -0.339792281 0.578297675
1750711275137867264.000000 -0.552438736 -0.325062454 0.042910561 -0.667399049 0.307099283 -0.297005028 0.609964490
1750711275637979392.000000 -0.462213993 -0.225844383 0.036931828 -0.706862569 0.219940707 -0.208104253 0.639268339
1750711276138091008.000000 -0.326895446 -0.124144845 0.044201083 -0.723843217 0.133134812 -0.121226199 0.666055799
1750711276671548672.000000 -0.241061971 -0.027866276 0.050676454 -0.740412652 0.033722956 -0.037281070 0.670270145
1750711277171673088.000000 -0.259707570 0.065751709 0.050380215 -0.740360796 -0.062193163 0.058149256 0.666795790
1750711277672204032.000000 -0.339981943 0.175628841 0.053737350 -0.731863320 -0.105816856 0.101164944 0.665540814
1750711278173540864.000000 -0.423025727 0.229237542 0.056118041 -0.712926269 -0.167344436 0.154210567 0.663288057
1750711278674860032.000000 -0.468791395 0.342406809 0.050819967 -0.702692211 -0.228271753 0.219308466 0.637196541
1750711279176137728.000000 -0.520339906 0.479304373 0.050272673 -0.685061991 -0.282196134 0.275523633 0.612488627
1750711279743671296.000000 -0.586639643 0.563787401 0.056189332 -0.644465327 -0.369583040 0.347225010 0.572282910
