1750711240061812992.000000 -0.000000004 -0.000000001 -0.000000002 0.000000054 -0.000000000 0.000000001 1.000000000
1750711240095146240.000000 0.004811985 -0.003535099 0.010265431 0.000736640 -0.003348245 0.000883043 0.999993801
1750711240195145216.000000 0.019709907 -0.011783854 0.044069014 0.008118629 -0.013658796 0.005886282 0.999856472
1750711240261810944.000000 0.031487681 -0.019528545 0.069406509 0.010226877 -0.018743252 0.010421084 0.999717772
1750711240328476928.000000 0.039913084 -0.033782478 0.100624934 0.009467055 -0.020689066 0.013438110 0.999650836
1750711240395142400.000000 0.048404757 -0.036955487 0.124613695 0.012496307 -0.021501869 0.015189273 0.999575377
1750711240461809152.000000 0.058495149 -0.042874124 0.148804948 0.013181539 -0.021840509 0.014307600 0.999572217
1750711240528476928.000000 0.060958117 -0.040559918 0.171073511 0.013352402 -0.021932783 0.011753555 0.999601245
1750711240561809920.000000 0.058830678 -0.041026700 0.183593228 0.012473222 -0.022188149 0.010156519 0.999624431
1750711240628477696.000000 0.057445217 -0.058636736 0.207767636 0.009161506 -0.024949558 0.007604558 0.999617875
1750711240661811712.000000 0.056124043 -0.060716100 0.218249828 0.010051251 -0.026114320 0.007105956 0.999583244
1750711240761812736.000000 0.009420376 -0.059417278 0.245557845 0.017078713 -0.020968063 0.004576115 0.999623895
1750711240828479488.000000 0.006572446 -0.060714815 0.269245237 0.017957821 -0.023224110 0.004098764 0.999560654
1750711240895146240.000000 0.035622034 -0.075917751 0.300075740 0.014550996 -0.029194165 0.002131824 0.999465644
1750711240961812736.000000 0.022602709 -0.077861361 0.325535923 0.013791471 -0.025651380 -0.002756875 0.999572039
1750711241061810944.000000 0.007932707 -0.078284428 0.357857645 0.020084184 -0.020857999 -0.009417952 0.999536335
1750711241095143936.000000 0.000619011 -0.077306047 0.369273275 0.023664966 -0.017749693 -0.011229432 0.999499321
1750711241161809664.000000 -0.017556753 -0.132902518 0.394584835 0.016382461 -0.011701636 -0.017378595 0.999646306
1750711241195142144.000000 -0.022368681 -0.134944260 0.406093955 0.017740894 -0.009667205 -0.018265003 0.999629080
1750711241295140096.000000 -0.032854542 -0.140905514 0.441100538 0.021202333 -0.001858779 -0.015953708 0.999646246
1750711241328472576.000000 -0.039718967 -0.141082913 0.451506466 0.022906197 0.001676849 -0.014933246 0.999624729
1750711241395137536.000000 -0.046003457 -0.144517943 0.472031564 0.027371675 0.006641716 -0.011608402 0.999535859
1750711241428463104.000000 -0.058154020 -0.124418110 0.485862434 0.033700082 0.010964215 -0.009170915 0.999329746
1750711241495216128.000000 -0.066114165 -0.125224769 0.505714536 0.036893953 0.017852303 -0.005146350 0.999146461
1750711241561972224.000000 -0.073709272 -0.128018737 0.526992500 0.040977463 0.025938960 -0.001429089 0.998822391
1750711241595350784.000000 -0.071997128 -0.133600637 0.537522614 0.042699303 0.028786788 0.000691324 0.998672903
1750711241662110208.000000 -0.074942000 -0.136832535 0.558503151 0.045217503 0.034603722 0.003871290 0.998370230
1750711241728871168.000000 -0.077422276 -0.144367322 0.580917597 0.045767065 0.037897006 0.005332779 0.998218834
1750711241795634176.000000 -0.078627445 -0.147904843 0.605454624 0.044264421 0.038076907 0.005801057 0.998277128
1750711241862398976.000000 -0.070555791 -0.143690988 0.630280375 0.041791718 0.032447770 0.004700782 0.998588324
1750711241929165312.000000 -0.070905715 -0.144954503 0.655482173 0.038451981 0.022891661 0.002016624 0.998996198
1750711241995934464.000000 -0.073678426 -0.118493401 0.683910370 0.043995228 0.011711262 0.002121795 0.998960853
1750711242062705408.000000 -0.071938030 -0.119416215 0.710005879 0.042758759 0.001194309 0.001116559 0.999084175
1750711242129478656.000000 -0.070522763 -0.128617495 0.738263667 0.041552190 -0.006979775 0.000429734 0.999111950
1750711242229642240.000000 -0.060080692 -0.138355017 0.778217435 0.042610452 -0.018200189 -0.001421048 0.998925030
1750711242296420096.000000 -0.050674453 -0.190989956 0.807218552 0.029895429 -0.024743743 -0.005486821 0.999231696
1750711242363199488.000000 -0.043754268 -0.190590546 0.835436225 0.029678654 -0.030652689 -0.007927340 0.999057949
1750711242463330304.000000 -0.041341744 -0.202726379 0.876837015 0.025045959 -0.041738495 -0.012456000 0.998736918
1750711242530013696.000000 -0.038643513 -0.208524957 0.903115153 0.022438595 -0.049542438 -0.014625456 0.998412848
1750711242596697600.000000 -0.028180161 -0.194950327 0.926075697 0.023751890 -0.056311365 -0.015373783 0.998012304
1750711242663380736.000000 -0.023282221 -0.197668552 0.950983822 0.018564086 -0.060681522 -0.016410336 0.997849643
1750711242696722688.000000 -0.020385593 -0.199123517 0.962163746 0.016815815 -0.062179822 -0.015775329 0.997798622
1750711242763406336.000000 -0.018836064 -0.205926418 0.984322727 0.012999701 -0.063278183 -0.015165847 0.997796059
1750711242830088704.000000 -0.015904756 -0.199844733 1.003461123 0.013824292 -0.065547802 -0.015032501 0.997640491
1750711242863430400.000000 -0.021249937 -0.201144040 1.014951229 0.012518862 -0.065700613 -0.015771059 0.997636199
1750711242930114048.000000 -0.027624935 -0.202656284 1.035889864 0.008712939 -0.066433594 -0.016838716 0.997610748
1750711242996797440.000000 -0.033027239 -0.211482942 1.055744886 0.004378500 -0.064503163 -0.017399421 0.997756243
1750711243063480832.000000 -0.040298726 -0.212110132 1.074707866 0.003594419 -0.060640194 -0.018911980 0.997974038
1750711243130164736.000000 -0.049021535 -0.213073969 1.093290687 0.004955867 -0.057711709 -0.021393860 0.998091757
1750711243230188800.000000 -0.065338053 -0.217556089 1.122752905 0.006922012 -0.051818751 -0.023438146 0.998357475
1750711243263530752.000000 -0.071054213 -0.219435409 1.132832646 0.008211291 -0.049426597 -0.024102187 0.998453140
1750711243363556096.000000 -0.086792037 -0.225412995 1.164233685 0.010108300 -0.044173993 -0.024407504 0.998674512
1750711243430239744.000000 -0.098813400 -0.228820562 1.185062408 0.008972989 -0.041118551 -0.024126990 0.998822629
1750711243496923392.000000 -0.111959860 -0.230762646 1.205493093 0.008783507 -0.040136006 -0.024438094 0.998856723
1750711243596948480.000000 -0.130765334 -0.234065875 1.233183146 0.009679971 -0.043224253 -0.024307717 0.998722792
1750711243630290176.000000 -0.136062697 -0.234940559 1.242572904 0.009616862 -0.045365505 -0.024240714 0.998630047
1750711243696972800.000000 -0.147729293 -0.235673130 1.260513783 0.008881978 -0.047571860 -0.023943596 0.998541296
1750711243763656192.000000 -0.160411194 -0.236702994 1.277798176 0.006884929 -0.049770419 -0.025917405 0.998400629
1750711243830339840.000000 -0.172134966 -0.236796185 1.293944836 0.003186373 -0.055417884 -0.029505933 0.998022139
1750711243897023488.000000 -0.178988025 -0.235421509 1.310193539 0.002858904 -0.065339826 -0.031756192 0.997353613
1750711243963706880.000000 -0.187949255 -0.236791104 1.324862599 0.000337330 -0.076808155 -0.033759955 0.996474147
1750711243997048832.000000 -0.192271397 -0.238005131 1.332950354 -0.001362288 -0.083292894 -0.034299497 0.995933831
1750711244097074176.000000 -0.210527435 -0.238857463 1.354020000 -0.006300758 -0.100633070 -0.037097789 0.994211793
1750711244163756544.000000 -0.220106617 -0.240447268 1.369282484 -0.009468287 -0.118182309 -0.040438175 0.992123067
1750711244230440192.000000 -0.233126253 -0.240111470 1.382292390 -0.010093390 -0.137244001 -0.044070639 0.989504933
1750711244297123584.000000 -0.244637132 -0.239729345 1.396052361 -0.012000337 -0.159277976 -0.048183575 0.985984206
1750711244363807488.000000 -0.256770790 -0.239220709 1.410227776 -0.012980390 -0.186100423 -0.052157667 0.981059492
1750711244463832576.000000 -0.277454585 -0.241551295 1.430189610 -0.013391838 -0.230483532 -0.055415668 0.971404791
1750711244530515200.000000 -0.290175140 -0.244259968 1.445466518 -0.012796945 -0.263240397 -0.057287846 0.962942839
1750711244597197056.000000 -0.302662134 -0.247477740 1.460764408 -0.013744004 -0.295468986 -0.057779264 0.953504503
1750711244663879936.000000 -0.314995795 -0.251665205 1.473805547 -0.012804609 -0.325241476 -0.057199076 0.943812668
1750711244763903744.000000 -0.334895402 -0.255288541 1.493283749 -0.012198149 -0.370289236 -0.060743593 0.926848054
1750711244830586624.000000 -0.348954320 -0.256773382 1.502824783 -0.010972712 -0.399835765 -0.064503320 0.914248466
1750711244897269248.000000 -0.363284469 -0.258773267 1.509099603 -0.009901126 -0.426741570 -0.068817534 0.901697159
1750711244963952128.000000 -0.376289040 -0.258729786 1.514659524 -0.008043949 -0.453322172 -0.073673010 0.888260484
1750711245030633728.000000 -0.389852762 -0.257889420 1.517623901 -0.007684588 -0.477613837 -0.078572415 0.875015676
1750711245130657792.000000 -0.409195662 -0.256873518 1.519883394 -0.008544252 -0.508835196 -0.083713040 0.856741488
1750711245197340416.000000 -0.421680540 -0.257866204 1.520173311 -0.011853166 -0.525210321 -0.086463429 0.846485496
1750711245264023296.000000 -0.435588390 -0.256654501 1.520204067 -0.014256312 -0.538802147 -0.090185925 0.837469757
1750711245330706176.000000 -0.449986458 -0.255602241 1.516184092 -0.015403643 -0.547741115 -0.093303755 0.831286311
1750711245397388800.000000 -0.466139972 -0.256954730 1.504726529 -0.017556550 -0.553066015 -0.095343187 0.827477813
1750711245464070656.000000 -0.480177820 -0.254438996 1.496469855 -0.020030789 -0.557137132 -0.097051963 0.824486434
1750711245530846976.000000 -0.494746596 -0.249440804 1.488817215 -0.022052770 -0.558250904 -0.096868627 0.823702693
1750711245631051776.000000 -0.520556927 -0.244871825 1.466236353 -0.024444731 -0.557109892 -0.098365411 0.824230194
1750711245697856768.000000 -0.530440986 -0.242914975 1.456187487 -0.023597812 -0.558718979 -0.096679255 0.823364675
1750711245764663040.000000 -0.544266105 -0.239950985 1.439102173 -0.021501858 -0.559409261 -0.094848052 0.823166370
1750711245831470848.000000 -0.557332635 -0.235940948 1.421062827 -0.019683309 -0.561874092 -0.093041085 0.821738124
1750711245898279168.000000 -0.569944501 -0.231691405 1.402863264 -0.017635001 -0.565788686 -0.091692053 0.819246531
1750711245965090304.000000 -0.583944499 -0.227215424 1.385085583 -0.016427798 -0.571149707 -0.092970818 0.815398455
1750711246031902720.000000 -0.603760958 -0.224505723 1.361386299 -0.015246807 -0.576014638 -0.096074805 0.811630666
1750711246098716672.000000 -0.606790721 -0.222357407 1.358247042 -0.014376529 -0.587458730 -0.099422134 0.802994907
1750711246132124160.000000 -0.612554371 -0.221017331 1.352166653 -0.013482405 -0.592846572 -0.100291185 0.798932314
1750711246232349184.000000 -0.629192233 -0.219768941 1.334033012 -0.009939570 -0.607912958 -0.102848224 0.787251711
1750711246299167488.000000 -0.640037894 -0.217859358 1.318173885 -0.007793502 -0.616918564 -0.104597151 0.780006468
1750711246365986560.000000 -0.650917470 -0.218057677 1.318276644 -0.007508025 -0.628933012 -0.107111983 0.770009041
1750711246432807936.000000 -0.664965868 -0.217142507 1.314116955 -0.007964652 -0.639226675 -0.109630883 0.761122167
1750711246499581696.000000 -0.680311561 -0.215419292 1.311650276 -0.010046676 -0.649077594 -0.111845970 0.752388120
1750711246532916992.000000 -0.687294602 -0.214124277 1.310818434 -0.010809819 -0.653238118 -0.112713054 0.748638093
1750711246632923136.000000 -0.711510897 -0.210218936 1.310936451 -0.015053791 -0.664638519 -0.115748100 0.737991512
1750711246699593472.000000 -0.730461359 -0.209419683 1.312938452 -0.018073484 -0.672834158 -0.116049051 0.730410993
1750711246799597824.000000 -0.755932033 -0.208801359 1.322978973 0.021415927 0.686776638 0.109054714 -0.718321860
1750711246899602688.000000 -0.784407496 -0.209318548 1.334369898 0.027576219 0.697968960 0.099035099 -0.708710790
1750711246999606528.000000 -0.816259563 -0.209807903 1.342273712 0.034234833 0.705641031 0.090302400 -0.701957464
1750711247066275840.000000 -0.839388013 -0.211542115 1.347586632 -0.037710298 -0.711639106 -0.088392332 0.695941567
1750711247132944896.000000 -0.862473965 -0.211821526 1.350490570 -0.040886484 -0.718718469 -0.089483611 0.688305736
1750711247199613696.000000 -0.884924829 -0.213130787 1.351273775 -0.043018404 -0.725758910 -0.090705790 0.680585027
1750711247266281472.000000 -0.904110789 -0.214497849 1.347802401 -0.042790476 -0.732998073 -0.094972447 0.672207713
1750711247332949760.000000 -0.922607064 -0.212279856 1.340581894 0.041848574 0.740244985 0.100732081 -0.663429856
1750711247432951808.000000 -0.948861718 -0.206896141 1.339240074 -0.043071013 -0.749435604 -0.107033722 0.651947141
1750711247499620864.000000 -0.967606008 -0.205280006 1.332579970 -0.045472816 -0.753534496 -0.112633638 0.646089554
1750711247566291968.000000 -0.984861672 -0.203443423 1.324434876 -0.048586521 -0.758950651 -0.116747506 0.638751447
1750711247632962816.000000 -1.001727581 -0.200830966 1.314820766 -0.051801588 -0.764850318 -0.120038390 0.630802274
1750711247732968448.000000 -1.025283098 -0.197891921 1.298737645 -0.053082205 -0.773565948 -0.122290693 0.619534612
1750711247799638784.000000 -1.037130952 -0.196179062 1.285335898 -0.051994529 -0.777808607 -0.122897290 0.614171565
1750711247832974080.000000 -1.042085886 -0.194276690 1.277199984 -0.050249562 -0.779352427 -0.121697016 0.612596571
1750711247932979456.000000 -1.056581497 -0.191151083 1.249686122 -0.041125968 -0.781756401 -0.114716433 0.611560166
1750711247999649280.000000 -1.066458344 -0.189885929 1.226953626 -0.034189433 -0.782071829 -0.112564087 0.611983836
1750711248099653632.000000 -1.081726670 -0.186206922 1.190223217 -0.020706762 -0.783062518 -0.111478247 0.611520231
1750711248166322176.000000 -1.091874838 -0.184391454 1.162659764 -0.011982949 -0.784477770 -0.113000482 0.609657288
1750711248232991488.000000 -1.100863338 -0.182016134 1.134819031 -0.003763721 -0.786101520 -0.111818433 0.607887208
1750711248299660800.000000 -1.109117985 -0.178919762 1.107452512 0.004287954 -0.787920833 -0.110269949 0.605807781
1750711248366329600.000000 -1.113705873 -0.176903456 1.084916949 0.011976646 -0.790718079 -0.110407196 0.602023065
1750711248432998144.000000 -1.122757673 -0.172803119 1.064391136 0.018081600 -0.794349611 -0.112083934 0.596757054
1750711248533002496.000000 -1.135708094 -0.168534771 1.037542939 0.025704177 -0.799417853 -0.112202756 0.589644849
1750711248599671552.000000 -1.143396616 -0.166140884 1.022492290 0.030047668 -0.802578628 -0.108755760 0.585778952
1750711248666341632.000000 -1.152118206 -0.164026543 1.010110617 0.033365414 -0.806811273 -0.105166003 0.580415845
1750711248766345728.000000 -1.167099953 -0.166396707 0.988005638 0.034890354 -0.815290034 -0.103724085 0.568617821
1750711248833015296.000000 -1.187826157 -0.162991881 0.981049061 0.031618088 -0.822402239 -0.106269687 0.557997882
1750711248899684096.000000 -1.211302876 -0.157809481 0.975366592 0.026556268 -0.830269217 -0.109258465 0.545903325
1750711248966352896.000000 -1.234492779 -0.154893100 0.969482243 0.019989593 -0.838622212 -0.107268438 0.533672810
1750711249033020416.000000 -1.261273026 -0.152000695 0.965471745 0.011509257 -0.845718563 -0.102101922 0.523643851
1750711249066354688.000000 -1.276463270 -0.150941968 0.963782549 0.006413496 -0.849018872 -0.098698243 0.519022763
1750711249166357248.000000 -1.308904767 -0.148233294 0.939370394 -0.004827775 -0.857073426 -0.091869935 0.506914020
1750711249233025024.000000 -1.340236783 -0.146687567 0.934601545 -0.011415357 -0.864058554 -0.090332367 0.495088488
1750711249299692800.000000 -1.369683981 -0.146289140 0.925499797 -0.015455399 -0.871067166 -0.089324914 0.482725888
1750711249366360320.000000 -1.396269321 -0.145790175 0.913279533 -0.016609659 -0.878038943 -0.089811742 0.469793260
1750711249433027840.000000 -1.419262171 -0.144771591 0.898116291 -0.016353633 -0.885000110 -0.090417013 0.456434309
1750711249499695104.000000 -1.430105329 -0.138796657 0.872215688 -0.015200222 -0.891099513 -0.091905147 0.444144219
1750711249566365696.000000 -1.445364833 -0.133611247 0.859072328 -0.014687791 -0.896050930 -0.094603032 0.433505952
1750711249633035776.000000 -1.461425304 -0.128943995 0.842358053 -0.013778737 -0.900224030 -0.100836881 0.423366129
1750711249699706112.000000 -1.474558830 -0.125411719 0.823226154 -0.011599585 -0.905491948 -0.105250351 0.410940677
1750711249766375680.000000 -1.485684395 -0.122103810 0.803842366 -0.008725646 -0.911398470 -0.107503071 0.397139549
1750711249833045504.000000 -1.494987369 -0.118405133 0.784801185 -0.007049997 -0.916514337 -0.108269207 0.385006070
1750711249899713792.000000 -1.528087139 -0.124798104 0.765437126 -0.007049690 -0.921465814 -0.109191447 0.372731060
1750711249966383104.000000 -1.540023923 -0.117922574 0.747505963 -0.005585444 -0.924449921 -0.110462382 0.364909858
1750711250066386432.000000 -1.550990105 -0.108596750 0.711161315 -0.000505603 -0.926918387 -0.113307878 0.357747763
1750711250166389760.000000 -1.557927132 -0.097765990 0.671977937 0.007071827 -0.928423643 -0.112572752 0.353987128
1750711250233058048.000000 -1.562548518 -0.093927883 0.644317746 0.011038507 -0.927926719 -0.111130588 0.355640650
1750711250333060096.000000 -1.564033508 -0.094292842 0.588191748 0.011833404 -0.924578309 -0.114153020 0.363296181
1750711250399726848.000000 -1.575882435 -0.087578237 0.564663887 0.007991484 -0.923171759 -0.113797963 0.367069602
1750711250466394368.000000 -1.585492492 -0.082046151 0.541903138 0.003790504 -0.921836436 -0.114410117 0.370288551
1750711250533065472.000000 -1.594931126 -0.077210084 0.519175529 0.001731217 -0.920867860 -0.116486765 0.372062117
1750711250599736576.000000 -1.602350235 -0.073756978 0.497454286 0.000294716 -0.920988441 -0.119037658 0.370958567
1750711250699741952.000000 -1.606649995 -0.077035904 0.462730408 -0.000065367 -0.922026753 -0.117140092 0.368978083
1750711250733077248.000000 -1.617777586 -0.072539762 0.462641597 0.000768867 -0.923717976 -0.114130110 0.365675956
1750711250833081600.000000 -1.632694721 -0.066808999 0.439858556 0.002930627 -0.928324997 -0.110593513 0.354927003
1750711250933086208.000000 -1.654493809 -0.059775546 0.415982842 0.000120154 -0.933158755 -0.109309390 0.342441559
1750711250999755520.000000 -1.671200395 -0.054225549 0.402497768 -0.003295862 -0.936529875 -0.106911041 0.333872855
1750711251066425088.000000 -1.688736081 -0.049021870 0.388015509 -0.007919688 -0.939845920 -0.102533571 0.325751275
1750711251166428928.000000 -1.702530265 -0.053384721 0.347383261 -0.016853111 -0.942632914 -0.101009972 0.317736149
1750711251233096448.000000 -1.732536554 -0.049182147 0.333928943 -0.026139069 -0.944852173 -0.098449141 0.311253726
1750711251366433280.000000 -1.784462810 -0.045012057 0.298430800 -0.040093258 -0.947050571 -0.091585651 0.305122793
1750711251466435328.000000 -1.807595849 -0.045054436 0.260039449 -0.041259177 -0.947358489 -0.087103382 0.305323780
1750711251533105664.000000 -1.824436545 -0.043053865 0.240326762 -0.039392337 -0.948233008 -0.084574483 0.303561628
1750711251599775488.000000 -1.838148236 -0.042074084 0.220394731 -0.037234530 -0.949512720 -0.082367666 0.300424188
1750711251666445824.000000 -1.850962520 -0.040266991 0.198917508 -0.036043271 -0.950378120 -0.082782894 0.297706813
1750711251766449152.000000 -1.866814137 -0.035408050 0.166078329 -0.034323107 -0.950682580 -0.086821049 0.295781553
1750711251833118720.000000 -1.887899995 -0.032881320 0.137501717 -0.032466915 -0.950765729 -0.089828655 0.294824153
1750711251933122304.000000 -1.899785757 -0.026973128 0.108076453 -0.029356664 -0.950810730 -0.090814084 0.294703096
1750711251999790848.000000 -1.904638290 -0.022112131 0.087092280 -0.027222598 -0.950535536 -0.090939038 0.295755476
1750711252066459648.000000 -1.908896208 -0.017011642 0.064471006 -0.025098113 -0.949309289 -0.092679016 0.299320310
1750711252133126912.000000 -1.913476467 -0.011109531 0.041116357 -0.022716396 -0.947538555 -0.094580978 0.304481715
1750711252233129216.000000 -1.919162750 -0.005756497 0.001632214 -0.018100208 -0.944533050 -0.096822292 0.313297391
1750711252299796992.000000 -1.924561143 -0.001024127 -0.022709131 -0.015391824 -0.942736983 -0.095598973 0.319172353
1750711252366464512.000000 -1.927083731 0.003246307 -0.049374819 -0.012171256 -0.940872252 -0.094837397 0.324988008
1750711252433132288.000000 -1.928363085 0.006036013 -0.076681614 -0.009660043 -0.939918458 -0.095213085 0.327711105
1750711252533136128.000000 -1.922912240 0.008885548 -0.121697903 0.008438438 0.939137995 0.094739042 -0.330110848
1750711252633141760.000000 -1.920892477 0.012037918 -0.158037901 -0.007644746 -0.939574957 -0.094818845 0.328861475
1750711252699812608.000000 -1.921086550 0.016190246 -0.180249453 -0.006508365 -0.940568209 -0.094548710 0.326112926
1750711252799818496.000000 -1.919840097 0.023311973 -0.213928461 -0.005320633 -0.943189561 -0.098199405 0.317367464
1750711252866488576.000000 -1.918883085 0.025834739 -0.234534502 -0.004614361 -0.945792913 -0.100893319 0.308666706
1750711252933158912.000000 -1.916688442 0.025641993 -0.255673647 -0.003888781 -0.949388027 -0.102399565 0.296920240
1750711253033162496.000000 -1.916715026 0.031376421 -0.283543348 -0.002073554 -0.956177890 -0.105422251 0.273140460
1750711253099832064.000000 -1.919480801 0.034684598 -0.303615093 -0.001282756 -0.960479379 -0.108567975 0.256302118
1750711253166501632.000000 -1.921270847 0.039416686 -0.325940490 -0.000568357 -0.964626968 -0.114489853 0.237458766
1750711253233170432.000000 -1.924593449 0.044426516 -0.347274661 -0.000726916 -0.969501913 -0.118261218 0.214662164
1750711253333173760.000000 -1.926774383 0.050117105 -0.379683375 -0.000537938 -0.976894557 -0.121395066 0.175897807
1750711253399842304.000000 -1.934594631 0.055711061 -0.399969697 -0.002499514 -0.981276989 -0.122154646 0.148887798
1750711253499844864.000000 -1.942396641 0.060506672 -0.435081005 -0.006236468 -0.986322761 -0.121456541 0.111251704
1750711253566515200.000000 -1.949797750 0.062136546 -0.458488584 -0.008562545 -0.988387764 -0.122422159 0.089606173
1750711253666520832.000000 -1.956424594 0.064647868 -0.495212853 -0.011786041 -0.990599334 -0.121954665 0.060837239
1750711253733190656.000000 -1.961819410 0.068970308 -0.517344236 -0.012208163 -0.991361260 -0.122878887 0.044211935
1750711253799860224.000000 -1.966854215 0.072360322 -0.538234174 -0.013333276 -0.992148519 -0.121334396 0.027231280
1750711253899863808.000000 -1.973908663 0.075643480 -0.564783871 -0.017307181 -0.992565751 -0.120437533 0.002924960
1750711253966532864.000000 -1.975299358 0.075654343 -0.586155832 0.020080851 0.992182732 0.122366935 0.014018637
1750711254033202176.000000 -1.979095697 0.078840107 -0.600084960 -0.022776576 -0.991500676 -0.123920836 -0.032424636
1750711254099870976.000000 -1.977941036 0.082873121 -0.613794327 -0.023907330 -0.990401864 -0.125783190 -0.052069448
1750711254166539776.000000 -1.974689960 0.085877940 -0.626642764 -0.024752194 -0.988629401 -0.128608793 -0.073885426
1750711254233207808.000000 -1.970641136 0.088220000 -0.638422012 -0.025567146 -0.986482561 -0.130756691 -0.095400296
1750711254266542080.000000 -1.967650652 0.089254767 -0.643678069 -0.025875535 -0.985260010 -0.132096693 -0.105563551
1750711254333210112.000000 -1.953928947 0.090306416 -0.656640053 0.025132429 0.982754648 0.132710561 0.126291811
1750711254399877120.000000 -1.955585003 0.092204958 -0.677955568 -0.025321618 -0.978650272 -0.135106444 -0.152802989
1750711254466544640.000000 -1.943652391 0.095694408 -0.687238097 -0.025748268 -0.974179387 -0.136787891 -0.177765802
1750711254499879680.000000 -1.935704231 0.097589448 -0.692689300 -0.025690386 -0.971771121 -0.137807593 -0.189763010
1750711254566550528.000000 -1.917546511 0.101776704 -0.702614188 -0.024631983 -0.967064023 -0.137268499 -0.212926790
1750711254633221120.000000 -1.885388136 0.107071459 -0.699918270 0.024401790 0.962784529 0.134245470 0.233299673
1750711254699891712.000000 -1.875458241 0.107841626 -0.720733285 -0.024160629 -0.957804680 -0.131570831 -0.254392684
1750711254766562048.000000 -1.853329778 0.098928377 -0.724851131 -0.021981183 -0.953638971 -0.129008502 -0.271009862
1750711254833231104.000000 -1.831503749 0.102515757 -0.728950620 -0.019802844 -0.949311554 -0.123315036 -0.288459331
1750711254866566144.000000 -1.790974855 0.117727652 -0.725131273 0.017083229 0.949021280 0.118522562 0.291580737
1750711254899901184.000000 -1.811013222 0.109417766 -0.733452022 -0.018079150 -0.945769846 -0.116681568 -0.302618474
1750711254966570752.000000 -1.787187934 0.113834441 -0.737717032 -0.012850287 -0.941540360 -0.111387111 -0.317694306
1750711254999905536.000000 -1.775444746 0.115630358 -0.740076363 -0.011169382 -0.939439058 -0.108549252 -0.324879408
1750711255033240320.000000 -1.765521288 0.118261687 -0.742773831 -0.010300172 -0.937136352 -0.106803901 -0.332057685
1750711255099909888.000000 -1.747008443 0.122924268 -0.749225438 -0.010445369 -0.932921946 -0.104195617 -0.344515443
1750711255166578432.000000 -1.730709314 0.126396716 -0.754712224 -0.009700597 -0.928982019 -0.103289783 -0.355287999
1750711255199912960.000000 -1.718231201 0.104246765 -0.753111362 -0.010021474 -0.926470935 -0.107264593 -0.360618234
1750711255266580992.000000 -1.709965825 0.108747356 -0.757766247 -0.009750131 -0.921244681 -0.105261780 -0.374343783
1750711255333249536.000000 -1.698472023 0.110381998 -0.763758779 -0.010412919 -0.915521085 -0.103269495 -0.388649106
1750711255366583808.000000 -1.692131042 0.111304842 -0.767355680 -0.010498091 -0.912120700 -0.101902127 -0.396915138
1750711255433252096.000000 -1.679055691 0.114147849 -0.776605010 -0.010879595 -0.904870629 -0.101595223 -0.413242370
1750711255499922176.000000 -1.625164986 0.114473686 -0.781426072 0.008438694 0.899842680 0.104372278 0.423460037
1750711255566595328.000000 -1.612691283 0.116542488 -0.792294145 0.009488034 0.892964900 0.107367240 0.437030911
1750711255599931648.000000 -1.625275850 0.114492685 -0.800745249 0.009676401 0.888463974 0.107292175 0.446123928
1750711255666604544.000000 -1.615386724 0.116570666 -0.814040899 0.010439839 0.880708933 0.108317934 0.460988104
1750711255733276160.000000 -1.618145347 0.111506477 -0.843340278 -0.015573567 -0.871096909 -0.113330469 -0.477602214
1750711255766612224.000000 -1.600230932 0.120989278 -0.837738991 0.013327309 0.868411243 0.111310653 0.483005404
1750711255833284352.000000 -1.589610100 0.121880516 -0.856150150 0.017333075 0.860919356 0.111001194 0.496181607
1750711255899956736.000000 -1.577935457 0.122793391 -0.876289129 0.020593749 0.852806628 0.110211819 0.510049284
1750711255933292544.000000 -1.572967649 0.123557344 -0.887702942 0.021794202 0.847898781 0.109893806 0.518185377
1750711255999964672.000000 -1.561511993 0.124966435 -0.907340765 0.024891417 0.837582588 0.108004764 0.534949481
1750711256066636288.000000 -1.549733758 0.124551512 -0.926357269 0.028223714 0.826409340 0.104957983 0.552480698
1750711256099972096.000000 -1.526828647 0.124119669 -0.913449287 0.027610337 0.823253155 0.103399828 0.557494819
1750711256166642688.000000 -1.536099434 0.116995856 -0.970042706 -0.036721550 -0.806520164 -0.104602560 -0.580719411
1750711256233313792.000000 -1.502176046 0.126791805 -0.960612297 0.034263559 0.795916677 0.098735698 0.596316993
1750711256299984896.000000 -1.515988588 0.118517801 -1.003937483 -0.042684842 -0.777549326 -0.098696969 -0.619559467
1750711256366655744.000000 -1.495491982 0.120605342 -1.018330455 -0.042547591 -0.763329446 -0.098946027 -0.636967480
1750711256399991296.000000 -1.490956664 0.120261542 -1.020591259 -0.042468555 -0.756474733 -0.099634975 -0.644992590
1750711256466661888.000000 -1.475917339 0.121696442 -1.028748274 -0.042140517 -0.741659105 -0.102156796 -0.661611617
1750711256533333760.000000 -1.461195230 0.122498915 -1.034167051 -0.041902076 -0.725435793 -0.103112370 -0.679231167
1750711256600004864.000000 -1.446558595 0.123614237 -1.036480308 -0.041599169 -0.709446549 -0.102459386 -0.696029544
1750711256666676736.000000 -1.430397987 0.125244752 -1.035956264 -0.041865513 -0.693742037 -0.100898698 -0.711890936
1750711256700012544.000000 -1.416557312 0.123874754 -1.045390964 -0.042610675 -0.685833514 -0.101032071 -0.719450653
1750711256766684160.000000 -1.405059099 0.121388093 -1.048310280 -0.043036535 -0.671069086 -0.100230902 -0.733326614
1750711256800019712.000000 -1.396848679 0.120948330 -1.045592904 -0.041935910 -0.664954424 -0.099289335 -0.739066124
1750711256866691072.000000 -1.369468331 0.126500979 -1.030308962 0.039040860 0.654475629 0.095539518 0.749005795
1750711256900026624.000000 -1.360850811 0.126439229 -1.025488377 -0.037965097 -0.649508715 -0.093172073 -0.753668487
1750711256933362176.000000 -1.351529837 0.125812769 -1.019820333 0.037608333 0.645125210 0.090198763 0.757801652
1750711256966697728.000000 -1.342955232 0.124887794 -1.014283538 0.037161652 0.641553760 0.086239770 0.761308491
1750711257033367296.000000 -1.332782984 0.119045556 -1.004123330 0.035597850 0.634217441 0.078432582 0.768341959
1750711257066702848.000000 -1.325831890 0.118670240 -0.999439240 0.034950569 0.630067229 0.074319057 0.772185445
1750711257100038144.000000 -1.312828302 0.115777276 -0.987518907 0.032949034 0.626471221 0.070556737 0.775545001
1750711257166708480.000000 -1.291441441 0.112181947 -0.969357014 0.029474981 0.618740499 0.063708350 0.782453060
1750711257200043776.000000 -1.280535817 0.110481620 -0.960531473 0.027659973 0.615647793 0.061660122 0.785118341
1750711257233378816.000000 -1.272549629 0.107620977 -0.957038045 0.026827661 0.612844765 0.060477842 0.787428796
1750711257266713856.000000 -1.260947466 0.106203236 -0.949478984 0.026204223 0.610990286 0.059424218 0.788969636
1750711257300048896.000000 -1.249861002 0.104680076 -0.941898584 0.025390500 0.609294951 0.058553737 0.790371120
1750711257366718720.000000 -1.224721432 0.100813448 -0.921713233 0.023547214 0.607273400 0.056712143 0.792116344
1750711257400053760.000000 -1.213286400 0.099411167 -0.913299322 0.022517221 0.606368124 0.056529902 0.792852581
1750711257466722304.000000 -1.192479849 0.097581834 -0.897217155 0.020059081 0.603651524 0.056174453 0.795013785
1750711257500058112.000000 -1.183772922 0.096916705 -0.889735460 0.020251064 0.602139771 0.055837408 0.796178281
1750711257566729984.000000 -1.170704484 0.093218505 -0.884726882 0.021680098 0.599250317 0.056175712 0.798294067
1750711257600066304.000000 -1.164377093 0.092051215 -0.882851183 0.022476649 0.598154664 0.056850608 0.799045563
1750711257633401856.000000 -1.156517029 0.092115372 -0.878177762 0.022158649 0.597456038 0.057324316 0.799543142
1750711257700073728.000000 -1.140479207 0.091824189 -0.867243528 0.019521940 0.594836950 0.058297399 0.801491916
1750711257766745088.000000 -1.124066710 0.090839624 -0.857186615 0.017772932 0.590870738 0.056969471 0.804556072
1750711257800080896.000000 -1.117720842 0.087931931 -0.854402959 0.017295960 0.587754369 0.055471390 0.806950152
1750711257833416448.000000 -1.105866313 0.090314083 -0.840122938 0.017565532 0.585067391 0.052532263 0.809090912
1750711257900086528.000000 -1.090233088 0.089731492 -0.833096266 0.018153785 0.576808512 0.050945934 0.815087080
1750711257933422080.000000 -1.081364870 0.089387812 -0.831659257 0.017478719 0.572580695 0.051123381 0.818066239
1750711257966757632.000000 -1.069617629 0.089558445 -0.828201056 0.016419435 0.568597555 0.051432692 0.820842266
1750711258000092928.000000 -1.058453321 0.090004176 -0.826103389 0.015483960 0.564335883 0.051914204 0.823765874
1750711258066763520.000000 -1.041418195 0.091976307 -0.824128866 0.015520441 0.554061770 0.053511329 0.830609024
1750711258100098816.000000 -1.030335426 0.092872165 -0.822947860 0.015959289 0.548093975 0.054560915 0.834482789
1750711258166769152.000000 -1.004400253 0.093589425 -0.821185052 0.018818883 0.536044896 0.055939812 0.842123747
1750711258233439488.000000 -0.977032840 0.089908175 -0.821861923 0.025160016 0.524581850 0.055197872 0.849196196
1750711258300109312.000000 -0.948181629 0.086798683 -0.819715023 0.031271670 0.512993217 0.054362219 0.856098652
1750711258366778368.000000 -0.919337571 0.083592504 -0.815729737 0.034438759 0.503165305 0.053807590 0.861825645
1750711258400113152.000000 -0.903293848 0.082722194 -0.813840449 0.035925932 0.499171704 0.053867526 0.864080608
1750711258466782464.000000 -0.871770859 0.079840139 -0.809800982 0.037347037 0.491758585 0.051970348 0.868376613
1750711258533453568.000000 -0.841647804 0.076860398 -0.803202927 0.036884800 0.482573658 0.048713636 0.873721540
1750711258600124416.000000 -0.814968050 0.072140418 -0.799620390 0.036324803 0.470860124 0.045280110 0.880296052
1750711258633459712.000000 -0.801442981 0.071942866 -0.797007084 0.035832800 0.464809924 0.044356417 0.883572519
1750711258700130304.000000 -0.776739120 0.070423909 -0.790911436 0.035889119 0.452853620 0.044051819 0.889772534
1750711258766800640.000000 -0.754629731 0.070095912 -0.782506764 0.034365024 0.441893637 0.044285245 0.895314455
1750711258800134656.000000 -0.743909776 0.070685655 -0.777304053 0.032770429 0.436999202 0.044276297 0.897773623
1750711258866804480.000000 -0.726359606 0.066682547 -0.767417550 0.029143604 0.428458333 0.043665919 0.902035177
1750711258900139520.000000 -0.718565643 0.066070557 -0.763605952 0.028542178 0.423809439 0.042990200 0.904280245
1750711258966809600.000000 -0.704674900 0.062329859 -0.754779935 0.028249010 0.414979309 0.042175580 0.908413708
1750711259000144128.000000 -0.696372092 0.062176034 -0.749679446 0.027643794 0.411287516 0.042153966 0.910110712
1750711259066813696.000000 -0.680497646 0.062246654 -0.736325741 0.024860006 0.406359106 0.042720746 0.912375569
1750711259133483264.000000 -0.666128576 0.062560901 -0.719506323 0.020278022 0.403401881 0.043300945 0.913772821
1750711259200152064.000000 -0.653174937 0.064790368 -0.700557232 0.015027861 0.401901543 0.041831721 0.914603472
1750711259266819840.000000 -0.641819060 0.064361632 -0.679948688 0.011810658 0.402631342 0.038211931 0.914488018
1750711259333488384.000000 -0.632576227 0.063390449 -0.657163858 0.009647666 0.404371321 0.034382507 0.913897514
1750711259366822656.000000 -0.628240645 0.061780605 -0.644410908 0.008925241 0.405145884 0.032023892 0.913647413
1750711259400156928.000000 -0.622894943 0.059653122 -0.632080615 0.007153631 0.405835241 0.029862706 0.913430274
1750711259466825216.000000 -0.610234976 0.053999335 -0.609237313 0.005773123 0.407659918 0.025834935 0.912750065
1750711259500160512.000000 -0.603738785 0.050265558 -0.595982790 0.004383647 0.408333689 0.023788143 0.912512302
1750711259566831616.000000 -0.590534806 0.044507913 -0.568211436 0.003093255 0.409188509 0.021920964 0.912181318
1750711259600166912.000000 -0.583650947 0.042234313 -0.555206060 0.002706519 0.409383446 0.021154318 0.912113190
1750711259666837760.000000 -0.571059883 0.038024925 -0.529737234 0.001685965 0.408494622 0.019867193 0.912542999
1750711259733507328.000000 -0.559730887 0.037614323 -0.504513979 0.002062199 0.405563176 0.019325947 0.913860440
1750711259766842624.000000 -0.553618312 0.035779446 -0.494833231 0.002032333 0.402733892 0.018991537 0.915117800
1750711259833512960.000000 -0.542357028 0.033266082 -0.479441941 0.001602306 0.396759629 0.020487525 0.917692482
1750711259866848000.000000 -0.536221087 0.032010064 -0.471634537 0.001083968 0.393964678 0.020968653 0.918885767
1750711259900183040.000000 -0.530548930 0.030399697 -0.464233696 0.000515597 0.391300887 0.021615371 0.920008838
1750711259966852608.000000 -0.520886421 0.026736431 -0.449413419 0.001040793 0.384715229 0.021571791 0.922782660
1750711260033522432.000000 -0.511462152 0.025607076 -0.432978392 0.001638395 0.375145406 0.020392422 0.926740289
1750711260100191744.000000 -0.501865566 0.023786716 -0.418305665 0.000850461 0.364247739 0.019750802 0.931092262
1750711260133525504.000000 -0.495282203 0.023117034 -0.411535859 -0.000212193 0.358552784 0.020064792 0.933293819
1750711260200194816.000000 -0.482235312 0.023614082 -0.397916496 -0.002799059 0.347669303 0.021346217 0.937370062
1750711260233529344.000000 -0.474814624 0.022778217 -0.391352236 -0.004239669 0.342216849 0.021745592 0.939359784
1750711260300198400.000000 -0.461120337 0.020416982 -0.376038879 -0.005532077 0.331038952 0.021348182 0.943359375
1750711260366866944.000000 -0.445879698 0.018462928 -0.360037237 -0.005903133 0.316171318 0.019887973 0.948475301
1750711260433535232.000000 -0.428850561 0.018463682 -0.342902839 -0.007180860 0.299744636 0.018545596 0.953812242
1750711260466869504.000000 -0.419229120 0.020193785 -0.333143681 -0.007970833 0.291648775 0.018447172 0.956314445
1750711260533540864.000000 -0.401112199 0.019226300 -0.315917492 -0.005739086 0.276343197 0.017881563 0.960875571
1750711260600212224.000000 -0.381480336 0.013909074 -0.298827827 -0.002875331 0.261677355 0.016480362 0.965010464
1750711260666883840.000000 -0.363420397 0.009780553 -0.281419277 -0.001481506 0.247026220 0.015021108 0.968891263
1750711260733555456.000000 -0.342864007 0.002454998 -0.264819473 -0.000012576 0.231689647 0.012754082 0.972706199
1750711260766891264.000000 -0.334514707 -0.000087457 -0.259092331 0.000562824 0.224567622 0.012108974 0.974383116
1750711260800227072.000000 -0.326555967 -0.002427294 -0.251743853 0.000442897 0.217648327 0.011338244 0.975961328
1750711260866898176.000000 -0.311501950 -0.006680220 -0.234872177 0.001635831 0.203837514 0.009471931 0.978957534
1750711260933569536.000000 -0.300007731 -0.014347868 -0.218184963 0.001406702 0.190495089 0.007944018 0.981655061
1750711261000240384.000000 -0.289536953 -0.015739124 -0.199604273 0.002164636 0.179625511 0.006825075 0.983709037
1750711261066909952.000000 -0.280865133 -0.019792447 -0.182420284 0.000834543 0.169422761 0.006417231 0.985522211
1750711261100244992.000000 -0.277688622 -0.021573750 -0.172783270 0.000110669 0.164227262 0.005899071 0.986404896
1750711261133580800.000000 -0.258074015 -0.019647466 -0.176100343 0.000165899 0.155637324 0.004943390 0.987801909
1750711261200250624.000000 -0.253209442 -0.022367196 -0.159291327 -0.002071906 0.142549396 0.002736283 0.989781797
1750711261233585920.000000 -0.268102944 -0.027570747 -0.139681146 -0.004450958 0.138679191 0.001161975 0.990326703
1750711261300255744.000000 -0.265313476 -0.031226709 -0.122832119 -0.006375019 0.124334075 -0.000079459 0.992220044
1750711261366925824.000000 -0.238731831 -0.029974997 -0.119788155 -0.005523860 0.103977673 -0.000845325 0.994563937
1750711261400260352.000000 -0.239146978 -0.031943716 -0.111893632 -0.005772281 0.096317843 -0.001948629 0.995332003
1750711261466929152.000000 -0.241464049 -0.035082456 -0.094563961 -0.005923724 0.082289383 -0.003893659 0.996583283
1750711261533654784.000000 -0.245740920 -0.038707968 -0.074259609 -0.007537256 0.070478313 -0.005686269 0.997468710
1750711261600393984.000000 -0.241079614 -0.037493501 -0.053604346 -0.009126748 0.059865057 -0.007781961 0.998134434
1750711261633764352.000000 -0.243186459 -0.039621908 -0.043166880 -0.010571914 0.056705531 -0.008758168 0.998296559
1750711261700505344.000000 -0.247529298 -0.041622292 -0.022146504 -0.012326077 0.053133331 -0.009140398 0.998469591
1750711261767248384.000000 -0.254662782 -0.043368541 -0.002317739 -0.009453105 0.052018020 -0.011027717 0.998540521
1750711261833992704.000000 -0.267061472 -0.052501697 0.022169176 -0.007276670 0.049233671 -0.015776735 0.998636246
1750711261867365376.000000 -0.271620214 -0.055445965 0.031502072 -0.005808692 0.046507865 -0.017627567 0.998745561
1750711261934111232.000000 -0.282430649 -0.059136152 0.052543916 -0.001933971 0.041706003 -0.020706207 0.998913467
1750711261967485184.000000 -0.288190484 -0.047308289 0.065740958 0.001561790 0.039350636 -0.021935860 0.998983502
1750711262000859136.000000 -0.292757690 -0.046719212 0.077390783 0.001327530 0.036432832 -0.023139236 0.999067366
1750711262067609344.000000 -0.302752316 -0.048994604 0.101796769 -0.001241539 0.030352041 -0.023706881 0.999257386
1750711262134360576.000000 -0.311776996 -0.050458353 0.121853173 -0.001797452 0.025152644 -0.024763485 0.999375284
1750711262167736832.000000 -0.320273280 -0.060975447 0.135556370 -0.003445133 0.022711147 -0.025939491 0.999399543
1750711262234490368.000000 -0.329637170 -0.063181020 0.151263759 -0.002470469 0.016025476 -0.027458781 0.999491453
1750711262301245696.000000 -0.338073134 -0.060157090 0.162449628 -0.000829055 0.007515591 -0.028280448 0.999571443
1750711262334623744.000000 -0.339421809 -0.060870722 0.168519109 -0.000395259 0.002746447 -0.027634826 0.999614298
1750711262401380352.000000 -0.344358087 -0.063188940 0.181196600 0.000963622 -0.006196905 -0.026655545 0.999625027
1750711262468139264.000000 -0.347893536 -0.065293938 0.193114206 0.001730903 -0.015307483 -0.026903218 0.999519408
1750711262534835200.000000 -0.354695648 -0.071199089 0.209872574 0.001775117 -0.026534665 -0.028864618 0.999229550
1750711262568176384.000000 -0.357186168 -0.071919776 0.216805935 0.002230467 -0.033149995 -0.029901246 0.999000490
1750711262634859264.000000 -0.361278176 -0.076263241 0.229544729 0.001582499 -0.047130287 -0.031661704 0.998385549
1750711262668200704.000000 -0.364523530 -0.075440012 0.237505570 0.001273790 -0.054657768 -0.032402888 0.997978449
1750711262768225024.000000 -0.371286720 -0.073803887 0.262951672 -0.000000186 -0.079915971 -0.033613216 0.996234715
1750711262834906880.000000 -0.379523218 -0.079220682 0.283767045 -0.000332550 -0.097612724 -0.033110961 0.994673550
1750711262901589760.000000 -0.374262273 -0.079905510 0.299508452 0.001928396 -0.118648201 -0.032652743 0.992397487
1750711262934930688.000000 -0.375662237 -0.081354842 0.309293687 0.002422621 -0.128057867 -0.032367844 0.991235435
1750711263001613824.000000 -0.380242079 -0.084782310 0.330130905 0.003360417 -0.148131371 -0.035166208 0.988336563
1750711263068296704.000000 -0.384650379 -0.088971466 0.352855146 0.001532684 -0.168323353 -0.037960358 0.984999478
1750711263101637888.000000 -0.386693358 -0.091158889 0.364672601 0.001215263 -0.177420214 -0.038658675 0.983374894
1750711263168320768.000000 -0.393266618 -0.095378250 0.386618227 0.000705835 -0.191564173 -0.039533202 0.980683327
1750711263235002624.000000 -0.396908671 -0.099768832 0.410516500 -0.000450136 -0.205388606 -0.040994074 0.977821529
1750711263301685248.000000 -0.400367618 -0.104310587 0.433120817 -0.001799753 -0.219653681 -0.041020282 0.974713504
1750711263368368128.000000 -0.402924836 -0.108738758 0.453595757 -0.002454587 -0.233006164 -0.041433148 0.971589208
1750711263435051008.000000 -0.407618135 -0.110640757 0.475566953 -0.002459951 -0.246726319 -0.042967126 0.968129158
1750711263501733888.000000 -0.414225996 -0.113411881 0.491058350 -0.001736714 -0.262416810 -0.045578931 0.963876069
1750711263568417280.000000 -0.422475696 -0.114908412 0.504212916 -0.001181461 -0.281669348 -0.049802646 0.958217502
1750711263635100672.000000 -0.432332665 -0.116683148 0.517930388 -0.002869825 -0.302771837 -0.054272261 0.951512277
1750711263701782784.000000 -0.443347752 -0.117903836 0.531634688 -0.007113863 -0.324868530 -0.058202118 0.943939865
1750711263768465920.000000 -0.463218212 -0.146054223 0.537200153 -0.016815364 -0.342757463 -0.063516676 0.937123418
1750711263835149312.000000 -0.477499694 -0.146784708 0.545548320 -0.018927056 -0.361553580 -0.067722589 0.929695964
1750711263901832704.000000 -0.491157472 -0.145565912 0.553906560 -0.020252500 -0.379257470 -0.071468420 0.922304690
1750711263968515840.000000 -0.507195771 -0.143271044 0.560848355 -0.022826467 -0.397107095 -0.075693823 0.914360642
1750711264035198976.000000 -0.526444077 -0.144791603 0.569088459 -0.026638445 -0.411333412 -0.078807123 0.907680988
1750711264135222784.000000 -0.555855870 -0.138392001 0.578837633 -0.032345761 -0.426394194 -0.082176939 0.900215983
1750711264201906176.000000 -0.571799338 -0.122883432 0.586235881 -0.030684965 -0.435307115 -0.083920695 0.895836830
1750711264268589568.000000 -0.592434824 -0.121411227 0.589760602 -0.029906251 -0.442644238 -0.084791459 0.892178297
1750711264335272704.000000 -0.614346206 -0.120629631 0.591931283 -0.028709859 -0.449320525 -0.085905053 0.888767242
1750711264401956096.000000 -0.635284424 -0.120125294 0.591949582 -0.027692616 -0.454727471 -0.086395472 0.885997713
1750711264468639488.000000 -0.657703876 -0.121832989 0.592259526 -0.026799351 -0.459549516 -0.085610099 0.883610249
1750711264568663040.000000 -0.687060475 -0.118481398 0.589634895 -0.024511911 -0.466674894 -0.086369880 0.879860222
1750711264635346176.000000 -0.707199633 -0.116707563 0.586144686 -0.021750519 -0.471318036 -0.087067887 0.877385557
1750711264702029568.000000 -0.729908407 -0.119205095 0.582718849 -0.020862568 -0.475651622 -0.087584898 0.875013828
1750711264768712704.000000 -0.747263074 -0.115934253 0.577899933 -0.018677738 -0.480617255 -0.087915026 0.872312546
1750711264835395840.000000 -0.763947189 -0.112794310 0.573713601 -0.016816115 -0.488641262 -0.090583496 0.867606819
1750711264935420672.000000 -0.786064088 -0.111633763 0.566860199 -0.015165473 -0.502918720 -0.094747581 0.858991086
1750711265002103808.000000 -0.801501989 -0.111467019 0.565654337 -0.014280007 -0.511961222 -0.094173282 0.853711486
1750711265068785920.000000 -0.814364314 -0.112346582 0.570047557 -0.014356432 -0.521813154 -0.094925165 0.847640336
1750711265168810752.000000 -0.836279392 -0.112324119 0.576104879 -0.017031156 -0.535667837 -0.098426953 0.838499963
1750711265268835584.000000 -0.863621891 -0.110778987 0.584876060 -0.021784309 -0.551671684 -0.104127027 0.827249289
1750711265402201856.000000 -0.887585521 -0.112104401 0.612600386 -0.025858935 -0.582624495 -0.106251158 0.805351317
1750711265535567104.000000 -0.943674028 -0.105381519 0.607725501 -0.025661407 -0.601654887 -0.104883015 0.791424394
1750711265668933120.000000 -0.981508076 -0.112694547 0.629972756 -0.028144835 -0.625882804 -0.102751464 0.772606432
1750711265802299136.000000 -1.017831564 -0.121410787 0.644624949 -0.029540924 -0.648321688 -0.104872577 0.753530443
1750711265935664384.000000 -1.049985409 -0.126784146 0.653074801 0.027087932 0.669221640 0.105716042 -0.735005379
1750711266069030400.000000 -1.086450577 -0.114352077 0.647968292 -0.024772551 -0.680514991 -0.110951729 0.723861516
1750711266135713024.000000 -1.100959778 -0.114577487 0.647916198 -0.026181092 -0.684935987 -0.115813337 0.718863368
1750711266269079552.000000 -1.129292727 -0.109438762 0.640813470 -0.026256589 -0.697838426 -0.122742206 0.705171347
1750711266335762176.000000 -1.139053822 -0.110921517 0.636015296 -0.025923042 -0.706392527 -0.125410736 0.696139216
1750711266402444288.000000 -1.151002645 -0.110541523 0.629622817 -0.026520602 -0.714592695 -0.127429873 0.687325001
1750711266502468864.000000 -1.167862415 -0.108057305 0.616787672 -0.025573412 -0.724744022 -0.129649311 0.676227272
1750711266602493440.000000 -1.189388990 -0.095959127 0.594758034 -0.020706367 -0.732769370 -0.131505564 0.667328060
1750711266702518016.000000 -1.206287980 -0.092718974 0.574455619 -0.015536235 -0.742238760 -0.129519686 0.657316566
1750711266802541824.000000 -1.225065708 -0.090111002 0.551667929 -0.010571443 -0.754309595 -0.126185492 0.644191384
1750711266902566400.000000 -1.243144870 -0.087613851 0.525250435 -0.005318964 -0.764173627 -0.123805426 0.632995069
1750711266969249536.000000 -1.252997518 -0.085833102 0.504186630 0.004255953 0.770401120 0.124053881 -0.625359714
1750711267069274112.000000 -1.271044731 -0.077299803 0.478158116 -0.002505271 -0.780648649 -0.122283153 0.612885237
1750711267169298944.000000 -1.285433292 -0.072387785 0.456181049 -0.001762770 -0.789768338 -0.121489562 0.601251364
1750711267269322496.000000 -1.297077894 -0.069453657 0.435274720 -0.000166338 -0.800412476 -0.120265298 0.587261558
1750711267336005632.000000 -1.306588173 -0.067190319 0.426558733 -0.000598140 -0.808388174 -0.120477200 0.576188803
1750711267436030464.000000 -1.319922566 -0.068153277 0.406918406 0.001068429 -0.819219053 -0.118219174 0.561162531
1750711267502713344.000000 -1.328739882 -0.069097847 0.396046758 0.002878035 -0.827387094 -0.116376892 0.549435019
1750711267602738176.000000 -1.344699383 -0.065742403 0.378217101 0.004865849 -0.840437889 -0.117624737 0.528965950
1750711267702761728.000000 -1.362815142 -0.060985997 0.359980464 0.005845628 -0.856167018 -0.114727072 0.503767490
1750711267769444864.000000 -1.376657009 -0.059897304 0.342540145 0.006492758 -0.867043376 -0.114023954 0.484966218
1750711267869469440.000000 -1.401292562 -0.055014163 0.323425174 0.004624730 -0.882831395 -0.114267968 0.455554843
1750711267969494016.000000 -1.428127050 -0.052383021 0.303173542 0.001323933 -0.898349345 -0.112025037 0.424755484
1750711268069518592.000000 -1.458200812 -0.051958054 0.279827833 -0.002893530 -0.910885096 -0.111360617 0.397339642
1750711268169542400.000000 -1.494498134 -0.052155629 0.253714800 -0.004686457 -0.920806229 -0.109984167 0.374162346
1750711268236225280.000000 -1.515114069 -0.051508620 0.237259030 -0.005574990 -0.927198529 -0.108790003 0.358380497
1750711268336250112.000000 -1.544293284 -0.051291019 0.213917017 -0.008097909 -0.937871218 -0.104568914 0.330752790
1750711268436274688.000000 -1.569775105 -0.048995525 0.190680027 -0.012538728 -0.947902858 -0.101125434 0.301822245
1750711268536299008.000000 -1.594938278 -0.044557348 0.168746471 -0.016337750 -0.956662476 -0.101680294 0.272380412
1750711268602980608.000000 -1.605859756 -0.042199060 0.152896404 -0.019051520 -0.961184025 -0.104288965 0.254727751
1750711268669663744.000000 -1.614458680 -0.039888918 0.138331413 -0.020401265 -0.964864314 -0.106731050 0.239226013
1750711268769687808.000000 -1.621676564 -0.036884665 0.117291570 -0.020322062 -0.969615042 -0.108485475 0.218322530
1750711268869712128.000000 -1.626949430 -0.030211657 0.097118378 0.019851781 0.973229945 0.110655062 -0.200461745
1750711268969736448.000000 -1.629454136 -0.025369778 0.072448730 -0.018929193 -0.975157499 -0.115115263 0.188303337
1750711269036418304.000000 -1.628886104 -0.021487713 0.057695866 -0.017054204 -0.976203442 -0.116285294 0.182246476
1750711269103100928.000000 -1.625290990 -0.018542677 0.042849541 -0.013929356 -0.977162123 -0.115515612 0.177810207
1750711269203125248.000000 -1.618615150 -0.013529778 0.019737244 -0.009369114 -0.978228569 -0.110717423 0.175279319
1750711269303149568.000000 -1.612573743 -0.010337040 -0.004481196 0.006099645 0.979034483 0.105364308 -0.174220636
1750711269369832192.000000 -1.609390974 -0.009365790 -0.019786835 0.004243970 0.980447888 0.099884853 -0.169490188
1750711269469855488.000000 -1.599700212 -0.006882653 -0.048694134 -0.003706024 -0.982130647 -0.090659477 0.164883599
1750711269536538368.000000 -1.594467044 -0.005883433 -0.064870596 -0.002989941 -0.982825875 -0.086234890 0.163119614
1750711269636562944.000000 -1.584276915 -0.002554767 -0.091506958 0.001212757 -0.984336734 -0.083416246 0.155311331
1750711269736586752.000000 -1.574280024 0.001789607 -0.118212581 0.004816064 -0.986857772 -0.082398906 0.138920709
1750711269836611072.000000 -1.563632727 0.006751142 -0.146434307 0.006316247 -0.989245117 -0.079975702 0.122303486
1750711269936634368.000000 -1.560460806 0.009791970 -0.167473197 0.006919934 -0.990781069 -0.080785960 0.108529262
1750711270003316992.000000 -1.559331775 0.010229804 -0.182647288 0.005987860 -0.991868258 -0.081428036 0.097627513
1750711270103341312.000000 -1.556785583 0.012385782 -0.204921544 0.004890912 -0.993497789 -0.082962938 0.077817343
1750711270170023936.000000 -1.555158257 0.013525859 -0.219200253 0.004035633 -0.994388700 -0.085779808 0.061779551
1750711270270048256.000000 -1.551278472 0.021427693 -0.247615188 0.003200016 -0.995480776 -0.088950023 0.033102088
1750711270370071296.000000 -1.551025391 0.024007089 -0.270583510 0.001291429 -0.995859563 -0.090766929 -0.004844503
1750711270436754176.000000 -1.552212000 0.026743274 -0.286705464 -0.001125645 -0.995222330 -0.092443883 -0.031393133
1750711270536777216.000000 -1.554484487 0.032053139 -0.315581679 -0.006238162 -0.993023992 -0.093300343 -0.071830429
1750711270603458816.000000 -1.556102872 0.032895971 -0.336547345 -0.010130843 -0.990646541 -0.093864895 -0.098520353
1750711270670140672.000000 -1.555642605 0.037537888 -0.362658918 -0.012700432 -0.987685263 -0.091506243 -0.126266405
1750711270736822016.000000 -1.555721402 0.038704757 -0.382332683 -0.014461796 -0.983942211 -0.090786688 -0.152991638
1750711270803502848.000000 -1.556266665 0.038929388 -0.401495367 -0.014727332 -0.979803741 -0.087390177 -0.179250613
1750711270870184448.000000 -1.555864692 0.038665488 -0.419814467 -0.015081629 -0.975288451 -0.082959272 -0.204212546
1750711270936865792.000000 -1.556581497 0.039441437 -0.435785353 -0.017331097 -0.970281661 -0.076467849 -0.228923187
1750711271036887808.000000 -1.554995894 0.043616779 -0.463784873 0.023496076 0.962427378 0.068114109 0.261805117
1750711271103569152.000000 -1.556864142 0.040897075 -0.484112263 -0.027376138 -0.956820071 -0.066847421 -0.281562418
1750711271170251008.000000 -1.553874016 0.044305623 -0.500577927 -0.029089203 -0.950300634 -0.065755099 -0.302917123
1750711271203591680.000000 -1.551268697 0.045218043 -0.508967698 -0.029682146 -0.946387112 -0.065890133 -0.314847380
1750711271303612672.000000 -1.540829897 0.048163667 -0.531999826 -0.029947842 -0.933436573 -0.066782609 -0.351197094
1750711271370293760.000000 -1.532358885 0.049730081 -0.545606613 -0.030220451 -0.924575806 -0.068735339 -0.373526156
1750711271436975360.000000 -1.522492051 0.052369941 -0.559538484 0.030110262 0.915744543 0.072194323 0.394072741
1750711271503657472.000000 -1.512203336 0.053613313 -0.570575237 0.031196512 0.906552613 0.073342174 0.414499849
1750711271570341376.000000 -1.499267697 0.053003766 -0.576544523 0.032223158 0.896034956 0.072917059 0.436767876
1750711271637025024.000000 -1.483366013 0.052365806 -0.582503915 -0.032165993 -0.884690464 -0.072666690 -0.459355891
1750711271703707648.000000 -1.467264175 0.053519405 -0.584544778 -0.032223444 -0.873871446 -0.071626469 -0.479770839
1750711271770391808.000000 -1.450283885 0.053357355 -0.585295916 -0.031910148 -0.864288151 -0.069836907 -0.497102231
1750711271803733504.000000 -1.440390468 0.054451142 -0.586411953 -0.031395271 -0.860406101 -0.069339305 -0.503892660
1750711271870417664.000000 -1.421493292 0.054470636 -0.584873319 -0.030065633 -0.855251193 -0.067050301 -0.512977421
1750711271937101312.000000 -1.401541352 0.055521626 -0.585709691 -0.029277645 -0.852370918 -0.062594004 -0.518351912
1750711272037126912.000000 -1.361982465 0.055890437 -0.577366352 -0.026873779 -0.849605203 -0.055908889 -0.523758590
1750711272103811072.000000 -1.337952852 0.055056311 -0.575664759 -0.024151420 -0.847503304 -0.054869339 -0.527393878
1750711272170493952.000000 -1.313893437 0.053989951 -0.573875785 -0.023518190 -0.845727682 -0.053763587 -0.530378222
1750711272270519808.000000 -1.276332617 0.054715082 -0.571140051 -0.020314282 -0.843995929 -0.056775574 -0.532949209
1750711272337203456.000000 -1.253533244 0.054501008 -0.566389680 -0.016734213 -0.841721952 -0.059154402 -0.536400020
1750711272403887872.000000 -1.232294440 0.054366209 -0.562178493 0.013278360 0.837826192 0.059286408 0.542545855
1750711272470571776.000000 -1.215271473 0.051201314 -0.556783080 0.012125879 0.832580566 0.056737836 0.550857008
1750711272503913472.000000 -1.207194805 0.048991293 -0.553555727 0.012313539 0.829636276 0.053925037 0.555557489
1750711272570595328.000000 -1.189454794 0.045883391 -0.541869044 -0.011095243 -0.822501481 -0.047356274 -0.566679597
1750711272603936768.000000 -1.180417418 0.045779739 -0.537006855 0.008296870 0.817273200 0.044504408 0.574469447
1750711272703961088.000000 -1.154186964 0.045070462 -0.523308158 -0.002250202 0.794157267 0.037277371 0.606563807
1750711272770643968.000000 -1.136988997 0.045543045 -0.517706156 -0.009630034 0.776336133 0.036540434 0.629185438
1750711272837327360.000000 -1.122758031 0.047205128 -0.515909314 -0.011379438 0.758415699 0.035370290 0.650711358
1750711272904009984.000000 -1.111235976 0.047782294 -0.517042637 0.009022035 -0.742142856 -0.032662001 -0.669384658
1750711272970693120.000000 -1.098093390 0.049178366 -0.520868182 0.005580327 -0.726715505 -0.030434726 -0.686241329
1750711273037374976.000000 -1.081745386 0.051631264 -0.529184699 0.003162653 -0.712053716 -0.030219927 -0.701467216
1750711273104058112.000000 -1.064157605 0.051563889 -0.531741381 -0.000151886 0.700022101 0.031740300 0.713415504
1750711273137399552.000000 -1.056029081 0.052005317 -0.537690043 0.002467701 0.693861067 0.032382414 0.719376266
1750711273237423872.000000 -1.025742650 0.052253406 -0.558201790 0.012672785 0.675523341 0.035197690 0.736389101
1750711273270765312.000000 -1.013891816 0.051877420 -0.564634442 0.015095227 0.669940293 0.037196599 0.741328955
1750711273337448704.000000 -0.987245798 0.051995061 -0.577579737 0.018419798 0.659842312 0.043824367 0.749898851
1750711273437472768.000000 -0.947729588 0.052360840 -0.594358504 0.022150328 0.645081937 0.050743189 0.762104988
1750711273504154624.000000 -0.918207407 0.054874931 -0.605412960 0.025166707 0.635934949 0.051988948 0.769578159
1750711273604178688.000000 -0.880757451 0.051430061 -0.613629103 0.027334603 0.623598576 0.051447015 0.779570997
1750711273637520128.000000 -0.869376659 0.051661264 -0.614921510 0.026577406 0.619651914 0.051366735 0.782743037
1750711273704202496.000000 -0.846376657 0.052446626 -0.616430640 0.025289312 0.611096680 0.050044615 0.789567590
1750711273770884864.000000 -0.824197412 0.053307191 -0.619763613 0.026540291 0.601847827 0.048855305 0.796673179
1750711273870908928.000000 -0.793415785 0.054565161 -0.625544846 0.025980907 0.588909507 0.051787574 0.806119561
1750711273937590528.000000 -0.772809863 0.054224148 -0.627811134 0.026244594 0.579813063 0.054707792 0.812487066
1750711274004272896.000000 -0.757377326 0.053511914 -0.627715170 0.024677383 0.570811510 0.057175897 0.818716168
1750711274070955520.000000 -0.742056072 0.052051380 -0.625227988 0.023568794 0.561312079 0.060443845 0.825057507
1750711274137638144.000000 -0.725495219 0.049934745 -0.619194925 0.022667229 0.552708745 0.061448861 0.830796838
1750711274170979584.000000 -0.719758272 0.049296249 -0.614339292 0.022181762 0.548698783 0.061093099 0.833489776
1750711274237661952.000000 -0.708297491 0.046891928 -0.604455888 0.022019459 0.539251864 0.059888095 0.839723825
1750711274304344320.000000 -0.697725236 0.044191904 -0.591467977 0.022539647 0.529613912 0.057799533 0.845967114
1750711274371025920.000000 -0.686060846 0.043842811 -0.575518131 0.021425875 0.520706832 0.054930255 0.851697147
1750711274437708800.000000 -0.674413860 0.045098621 -0.555966377 0.019066263 0.512120426 0.052882511 0.857072175
1750711274504391168.000000 -0.665611207 0.043973710 -0.535321355 0.017517466 0.505116701 0.049276941 0.861465096
1750711274571073024.000000 -0.656312943 0.042562526 -0.512918591 0.017522542 0.498148084 0.042936515 0.865850985
1750711274637754880.000000 -0.646629930 0.036070503 -0.488690823 0.017834481 0.489056885 0.037682168 0.871255100
1750711274704436736.000000 -0.638113201 0.029923335 -0.467040330 0.018820114 0.480505794 0.033505637 0.876149178
1750711274771118336.000000 -0.631161332 0.024760541 -0.446552664 0.021071054 0.472344398 0.030323956 0.880640268
1750711274837799424.000000 -0.624694169 0.019895900 -0.427885234 0.023581443 0.464822561 0.029262410 0.884605885
1750711274904481280.000000 -0.619149923 0.015875209 -0.410129309 0.026209366 0.456673831 0.027306126 0.888828695
1750711274971162880.000000 -0.614118636 0.013614673 -0.391560197 0.028214851 0.446851164 0.024421487 0.893829703
1750711275037844736.000000 -0.608185947 0.011263298 -0.376153260 0.027850807 0.434246302 0.021881070 0.900097609
1750711275137867264.000000 -0.596831977 0.011978832 -0.347374082 0.025362710 0.416616738 0.019989867 0.908508539
1750711275204549120.000000 -0.591162682 0.010518591 -0.335131586 0.025863325 0.403771639 0.017963903 0.914317727
1750711275237888768.000000 -0.585774422 0.011413416 -0.330332816 0.026512275 0.396578074 0.017460583 0.917451978
1750711275304570624.000000 -0.577298343 0.009425573 -0.318748713 0.027819715 0.382652521 0.015867742 0.923337102
1750711275337911296.000000 -0.572645307 0.008525657 -0.311849177 0.027428355 0.375695914 0.015399993 0.926209033
1750711275437933824.000000 -0.553818345 0.007108108 -0.290085614 0.023119299 0.353629768 0.014773800 0.934983015
1750711275504615680.000000 -0.539914310 0.004625679 -0.274301589 0.020153701 0.334804922 0.013314324 0.941977859
1750711275604638464.000000 -0.517585158 0.002195113 -0.253811538 0.018681871 0.302625060 0.011762205 0.952853978
1750711275637979392.000000 -0.508836806 0.001955592 -0.246493757 0.019346183 0.291924953 0.012216385 0.956167579
1750711275704660480.000000 -0.490855992 0.001856573 -0.234126300 0.022576498 0.272612840 0.013144097 0.961769164
1750711275804683264.000000 -0.464366645 -0.001606198 -0.214547634 0.026177926 0.246285722 0.013262468 0.968752921
1750711275838023936.000000 -0.456357121 -0.003308090 -0.207120866 0.025887879 0.238149434 0.012720316 0.970800161
1750711275938046976.000000 -0.430221856 -0.009211200 -0.185022861 0.025966974 0.215367138 0.009687095 0.976139784
1750711276004728576.000000 -0.414541513 -0.013913235 -0.169167116 0.025513958 0.200409994 0.007807935 0.979348779
1750711276071410432.000000 -0.395197958 -0.017175654 -0.157134920 0.025421353 0.184404612 0.006141717 0.982502401
1750711276138091008.000000 -0.376249790 -0.023038035 -0.144010797 0.026299678 0.168948293 0.003812943 0.985266626
1750711276204772864.000000 -0.360143661 -0.025868671 -0.131517053 0.028309496 0.155374184 0.001088056 0.987449408
1750711276271454464.000000 -0.347020179 -0.030264514 -0.120104969 0.029901342 0.140196517 -0.002614300 0.989668667
1750711276371477248.000000 -0.331261814 -0.034945056 -0.101210147 0.031387907 0.115429334 -0.008096150 0.992786646
1750711276471499776.000000 -0.312037408 -0.037222601 -0.082689703 0.027037982 0.092141896 -0.010218865 0.995326281
1750711276538182656.000000 -0.301108271 -0.036573589 -0.070182033 0.022068843 0.077045076 -0.011856527 0.996712863
1750711276604865024.000000 -0.291780502 -0.039214507 -0.057352647 0.018418781 0.058675591 -0.013172493 0.998020232
1750711276671548672.000000 -0.292957634 -0.044871967 -0.047758158 0.016564151 0.040294964 -0.015905801 0.998923957
1750711276771573504.000000 -0.276855469 -0.048757631 -0.027596137 0.013528811 0.003727542 -0.016803293 0.999760330
1750711276838257152.000000 -0.268331259 -0.053028293 -0.012633671 0.011847254 -0.019558189 -0.016862381 0.999596357
1750711276971623936.000000 -0.266333222 -0.053464249 0.014581393 0.009331547 -0.054828946 -0.016231120 0.998320282
1750711277071648000.000000 -0.272992671 -0.054309316 0.035013288 0.010253920 -0.078021958 -0.018698225 0.996723592
1750711277171673088.000000 -0.313793570 -0.056128550 0.044714622 0.011800822 -0.094603844 -0.025079047 0.995129108
1750711277305040128.000000 -0.333675116 -0.058861405 0.076092884 0.012525701 -0.118890546 -0.028921893 0.992407084
1750711277438406912.000000 -0.360460371 -0.063255511 0.106586277 0.010241260 -0.134508282 -0.030924097 0.990376890
1750711277538532352.000000 -0.382345408 -0.067164935 0.125399470 0.011539053 -0.142081171 -0.029455177 0.989349365
1750711277672204032.000000 -0.396708846 -0.071043521 0.151629582 0.015472531 -0.155704871 -0.029345918 0.987246454
1750711277805883648.000000 -0.444417298 -0.073481411 0.156108662 0.022834806 -0.171073616 -0.031632196 0.984485626
1750711277939569408.000000 -0.470465779 -0.074142016 0.167427450 0.026897693 -0.191647947 -0.033344097 0.980528355
1750711278006416128.000000 -0.467481911 -0.066384226 0.180148304 0.028771764 -0.206555754 -0.034947328 0.977387190
1750711278106689536.000000 -0.480638832 -0.076718241 0.192709267 0.025427388 -0.222976372 -0.038996071 0.973711669
1750711278173540864.000000 -0.481030911 -0.077577703 0.202844143 0.025016746 -0.236168891 -0.040255833 0.970555544
1750711278240394240.000000 -0.487314343 -0.080359988 0.214705229 0.022679644 -0.246127546 -0.042263132 0.968050003
1750711278340677376.000000 -0.497150749 -0.082908608 0.233877122 0.017987359 -0.261380196 -0.044741329 0.964030683
1750711278407534592.000000 -0.503994763 -0.085053608 0.247872204 0.015736800 -0.273125112 -0.045613103 0.960767686
1750711278474394624.000000 -0.509239674 -0.086313047 0.263510376 0.013437563 -0.286928862 -0.045986962 0.956753075
1750711278574616320.000000 -0.517171979 -0.090831667 0.289503783 0.011107845 -0.307418913 -0.043132313 0.950531423
1750711278674860032.000000 -0.529274166 -0.085507318 0.314824224 0.010676984 -0.324808866 -0.042844333 0.944748461
1750711278775107840.000000 -0.538553834 -0.090471536 0.346972764 0.008425009 -0.343077838 -0.043314919 0.938269973
1750711278875358464.000000 -0.549595535 -0.094017535 0.377135724 0.006007274 -0.359073102 -0.043780431 0.932262719
1750711278942195456.000000 -0.555664361 -0.094399340 0.396111757 0.004556344 -0.370062232 -0.044484325 0.927930176
1750711279009033984.000000 -0.562654197 -0.097266383 0.414142668 0.003189414 -0.380432755 -0.043875135 0.923761725
1750711279075874048.000000 -0.570346177 -0.099643916 0.431826234 0.001628868 -0.389475077 -0.044245411 0.919972241
1750711279176137728.000000 -0.584003747 -0.101036191 0.449590802 0.002449069 -0.402209789 -0.045888916 0.914393544
1750711279276404736.000000 -0.593950331 -0.106264092 0.472125709 0.003787301 -0.417424262 -0.047926139 0.907439113
1750711279376676096.000000 -0.604635894 -0.110795818 0.490042835 0.004462978 -0.433450878 -0.051543392 0.899690926
1750711279476951808.000000 -0.616100013 -0.113676056 0.505205750 0.003878598 -0.454839736 -0.056318849 0.888782263
1750711279577040384.000000 -0.629351676 -0.114752553 0.518945456 -0.000419760 -0.480166912 -0.060134232 0.875113428
1750711279643693824.000000 -0.638575077 -0.117063247 0.523771942 -0.002416653 -0.493429691 -0.061137423 0.867631018
1750711279743671296.000000 -0.652433753 -0.115655035 0.531271100 -0.002710975 -0.513103247 -0.063380465 0.855979443
1750711279810323200.000000 -0.662811697 -0.115995884 0.535050273 -0.003897578 -0.526487112 -0.064979881 0.847687364
