1757625186759060224.000000 -0.037754811 -0.089623109 -0.019396197 -0.749520123 -0.025308317 -0.007716435 0.661452591
1757625187325691904.000000 -0.033065453 -0.092808947 -0.016423190 -0.746528208 -0.025405558 -0.002057538 0.664865434
1757625187592353280.000000 -0.031498332 -0.093187243 -0.016574360 -0.746138036 -0.024614515 -0.001811223 0.665333748
1757625187859034112.000000 -0.031314164 -0.088225216 -0.016080964 -0.746259987 -0.023778182 -0.000851923 0.665229261
1757625188959579904.000000 -0.079194337 -0.080794834 -0.011699371 -0.744103730 -0.043691803 0.011952385 0.666526735
1757625189226573568.000000 -0.125719771 -0.091234565 -0.012404887 -0.744706511 -0.045158908 0.009614674 0.665793180
1757625189960198912.000000 -0.197583154 -0.059128862 -0.011543190 -0.746841729 -0.033866622 -0.007249003 0.664099395
1757625190626812160.000000 -0.144805104 0.141983539 -0.003686409 -0.723770499 -0.114645630 0.095268056 0.673748195
1757625190960120320.000000 -0.122095712 0.238603428 -0.002139539 -0.712018788 -0.126876459 0.131352767 0.677995622
1757625192026693632.000000 -0.397313118 0.314024538 0.007905192 -0.696299851 -0.148166656 0.097636290 0.695471346
1757625193759877888.000000 -0.735467553 0.667378843 0.027892817 -0.595111132 -0.460571557 0.394752026 0.527150333
1757625194593143552.000000 -0.929383159 0.501207829 0.037656777 -0.528976738 -0.487288624 0.392742455 0.573137760
1757625197593085952.000000 -1.613922000 0.358876914 0.025618922 -0.505805135 -0.553978741 0.447380155 0.486949563
1757625200361381376.000000 -2.270848274 0.006332519 0.015150370 -0.465138555 -0.617014468 0.476746827 0.419108301
1757625201995018752.000000 -2.745120049 -0.058371436 0.024479780 -0.355872780 -0.685507238 0.565715671 0.288791060
1757625203364266752.000000 -2.904524326 -0.371725976 0.031907573 -0.274155855 -0.696346939 0.593292773 0.296552271
1757625204098057216.000000 -3.096847534 -0.565964460 0.033378381 -0.165571108 -0.740596235 0.630915940 0.161395967
1757625205031450880.000000 -3.250231266 -0.808296502 0.025986398 -0.029556070 -0.783034861 0.618663847 0.056903023
1757625206964777472.000000 -3.057004690 -1.193867803 0.018257098 0.062804282 -0.756571472 0.650554121 0.020849459
1757625207198103808.000000 -3.064822912 -1.282636166 0.015939735 0.099347062 -0.754887283 0.646813393 -0.043677602
1757625207431428096.000000 -3.047236443 -1.374237537 0.014011145 0.156566322 -0.757429600 0.627442002 -0.090022862
1757625207631425536.000000 -3.034300327 -1.428055048 0.015331315 0.194154158 -0.751692891 0.619005680 -0.118718140
1757625207864756992.000000 -3.026673317 -1.479377866 0.014375968 0.228707373 -0.746672809 0.604048491 -0.159054041
1757625208098084352.000000 -3.010159016 -1.509279132 0.014334321 0.256674618 -0.740665972 0.590573072 -0.191717178
1757625208298077440.000000 -2.978112936 -1.519262671 0.011701964 0.290139169 -0.734986305 0.573607683 -0.215844110
1757625208531402496.000000 -2.941430807 -1.516328692 0.009798763 0.286257744 -0.732420981 0.582297385 -0.206266433
1757625208731407360.000000 -2.892305136 -1.503717780 0.013402717 0.273851097 -0.722328305 0.607594073 -0.184599280
1757625208931408896.000000 -2.818990946 -1.496029735 0.008020233 0.277569562 -0.716500759 0.614884555 -0.177479297
1757625209131408896.000000 -2.745251417 -1.490603685 0.010758890 0.285640270 -0.710015059 0.617882133 -0.180305555
1757625209364738560.000000 -2.672420979 -1.493564010 0.004188104 0.301024467 -0.709970832 0.610551953 -0.180421665
1757625209698073344.000000 -2.597775221 -1.526730299 0.005841538 0.310698479 -0.709185719 0.604105949 -0.188621476
1757625209931406848.000000 -2.545969486 -1.569898725 0.001390088 0.334120959 -0.696412563 0.595652878 -0.220387250
1757625210164738304.000000 -2.492384434 -1.639600396 0.007303756 0.353471339 -0.682456315 0.583912253 -0.261453629
1757625210498063616.000000 -2.400447607 -1.742523670 0.009342173 0.389545888 -0.670366943 0.560905099 -0.290254593
1757625210731397120.000000 -2.346588612 -1.796181798 0.000720816 0.419166595 -0.666364312 0.532359362 -0.311209857
1757625210964728576.000000 -2.301979065 -1.823960900 -0.001590366 0.437400222 -0.659646034 0.513842165 -0.330929458
1757625211164723456.000000 -2.251722574 -1.832046390 -0.007694259 0.456091255 -0.661320627 0.493590474 -0.333173126
1757625211498045184.000000 -2.177118063 -1.805420280 -0.004589345 0.437804013 -0.656481802 0.532630503 -0.306045949
1757625211731378176.000000 -2.093932629 -1.776525855 0.001042206 0.447775066 -0.642881811 0.539511919 -0.308427453
1757625211964708608.000000 -2.007383585 -1.748731136 0.005963400 0.455869734 -0.633051991 0.536768556 -0.321414918
1757625212331362816.000000 -1.916088581 -1.713644624 -0.000335701 0.472513944 -0.621001065 0.531741500 -0.329149157
1757625212798021632.000000 -1.788390994 -1.733535528 -0.010438075 0.499032319 -0.610138714 0.500956297 -0.357407808
1757625213031350016.000000 -1.709007502 -1.763394833 -0.005055729 0.510919154 -0.595297813 0.482556075 -0.389514953
1757625213264676096.000000 -1.632064939 -1.791586161 -0.007226847 0.528441489 -0.583522856 0.452888310 -0.418500692
1757625213598000640.000000 -1.551517367 -1.784520626 -0.009775126 0.554914951 -0.563470721 0.445889384 -0.419228941
1757625213898000384.000000 -1.487581372 -1.742403746 -0.012353105 -0.572537661 0.552837849 -0.439717144 0.416196913
1757625214231327488.000000 -1.425414205 -1.666541815 -0.012310302 0.539655864 -0.566229641 0.473998368 -0.404328048
1757625214464653568.000000 -1.375274062 -1.602192760 0.000253439 0.503475189 -0.582435131 0.503676832 -0.391907990
1757625214964657664.000000 -1.281853318 -1.504243374 -0.005737221 0.442241728 -0.635291874 0.542659998 -0.326108307
1757625215497981184.000000 -1.151794910 -1.509641647 -0.009661734 0.446107477 -0.646455586 0.529035807 -0.321254432
1757625215764650240.000000 -1.069958568 -1.510560632 -0.004010784 0.491442263 -0.611019969 0.500073135 -0.367513359
1757625216031315456.000000 -1.008272648 -1.500947237 -0.003201697 0.538868368 -0.565032244 0.475862056 -0.404863924
1757625216264645120.000000 -0.964073420 -1.488416553 -0.013493828 -0.586964667 0.521546364 -0.441912681 0.433791429
1757625216464638208.000000 -0.932337582 -1.466687560 -0.015697917 -0.624818683 0.482362300 -0.404118657 0.462186605
1757625216697971456.000000 -0.895200491 -1.422914505 -0.022106076 -0.644491553 0.463459551 -0.386555642 0.469479054
1757625216931301376.000000 -0.862209558 -1.349252582 -0.019016152 -0.648197770 0.441627085 -0.398982912 0.474992484
1757625217164628992.000000 -0.824053764 -1.264118671 -0.017083103 -0.645753503 0.432577997 -0.403672040 0.482625842
1757625217397951744.000000 -0.783719778 -1.188288212 -0.023680810 -0.661613047 0.418189794 -0.390460581 0.484691709
1757625217597948160.000000 -0.746940911 -1.143292189 -0.020019602 -0.670321763 0.402496129 -0.369451016 0.502166808
1757625217797945600.000000 -0.691647708 -1.090775013 -0.026044855 -0.688035905 0.392313451 -0.343941927 0.504381478
1757625217997941760.000000 -0.634659469 -1.040531397 -0.030917158 -0.695348084 0.369878381 -0.325534821 0.523171306
1757625218197935104.000000 -0.561500192 -0.989140630 -0.021472916 -0.696386456 0.352794200 -0.307205141 0.544249177
1757625218397925376.000000 -0.493802965 -0.930830419 -0.012236535 -0.707650363 0.315975785 -0.277571321 0.567753971
1757625218598068736.000000 -0.443594933 -0.874796271 -0.012235004 -0.725516498 0.271343678 -0.244733259 0.583184481
1757625218798344192.000000 -0.403837442 -0.823893726 -0.011676037 -0.744187713 0.239835024 -0.213645279 0.585678637
1757625219032023040.000000 -0.356968880 -0.767229497 -0.018820556 -0.754274666 0.238575622 -0.194779038 0.579838395
1757625219198950400.000000 -0.331666738 -0.728165865 -0.020845674 -0.744633377 0.252765417 -0.213295475 0.579772294
1757625219365891328.000000 -0.310324579 -0.670268536 -0.027837746 -0.739941239 0.260941893 -0.234683722 0.573863983
1757625219566114048.000000 -0.285378784 -0.588397861 -0.020720037 -0.738329649 0.255695313 -0.241783053 0.575352311
1757625219766160128.000000 -0.261729956 -0.516575992 -0.024287483 -0.739553690 0.248707309 -0.240996540 0.577170491
1757625220199592192.000000 -0.180542305 -0.396335691 -0.031111646 -0.758052945 0.232607856 -0.214811504 0.570180178
1757625220399637760.000000 -0.122343287 -0.340007901 -0.040818352 -0.766293347 0.194929570 -0.178743690 0.585532069
1757625220599683072.000000 -0.064379625 -0.269269377 -0.031151183 -0.767861545 0.127029017 -0.131693572 0.613929212
1757625220799729920.000000 -0.007737739 -0.191832215 -0.019628901 -0.772471011 0.060703665 -0.078949243 0.627192676
1757625221033116928.000000 0.027348910 -0.115981668 -0.019975692 -0.782091618 -0.008376647 -0.028068447 0.622474670
1757625222335523840.000000 -0.215357035 0.228805199 -0.001893828 -0.756661475 -0.133526593 0.045613520 0.638399243
1757625223735990784.000000 -0.538019538 0.632639706 0.011224793 -0.645666897 -0.452061266 0.346032947 0.508936286
1757625223902655488.000000 -0.596653640 0.637972653 0.003728746 -0.638414025 -0.474442065 0.353288680 0.492462724
1757625226502682368.000000 -1.527375817 0.562967718 0.002031662 -0.429700792 -0.667222440 0.473450035 0.382121235
1757625227136017920.000000 -1.692650914 0.396928638 0.012904964 -0.437921137 -0.655896842 0.475263149 0.390063435
1757625228102675200.000000 -2.032035351 0.185979530 0.018756170 -0.302704662 -0.719687283 0.560923576 0.275290489
1757625230335980288.000000 -2.259157896 -0.487326562 0.007830193 -0.125976384 -0.773905337 0.606416404 0.132135034
1757625231435977216.000000 -2.299953699 -0.852410257 0.000998503 0.061731722 -0.789995372 0.609746277 -0.017497126
1757625231902650624.000000 -2.193750381 -1.015476704 0.009008527 0.047542844 -0.779271245 0.624558330 0.020071907
1757625232302649856.000000 -2.143168688 -1.123101830 0.002686914 0.043106414 -0.787299097 0.614858150 0.015856076
1757625232669313536.000000 -2.132722378 -1.240813851 -0.006025083 0.099698223 -0.782473266 0.613154233 -0.042869255
1757625233002643712.000000 -2.136954784 -1.372369170 0.006392930 0.162281632 -0.750613689 0.630531490 -0.112578131
1757625233369299200.000000 -2.108283043 -1.511744022 -0.000103721 0.259858489 -0.746682346 0.583573043 -0.185422719
1757625233769296128.000000 -2.030387640 -1.561953664 -0.006474011 0.352247596 -0.724716544 0.538232625 -0.247008696
1757625234235954944.000000 -1.883312106 -1.516750216 -0.006732877 0.382645935 -0.696679711 0.552773714 -0.250321269
1757625234769278464.000000 -1.711832881 -1.454329371 -0.007416358 0.395893991 -0.680854261 0.552870631 -0.272102028
1757625235335929600.000000 -1.589865923 -1.454060078 -0.013120973 0.435072333 -0.660350561 0.530994713 -0.304456800
1757625235869254656.000000 -1.409636617 -1.537159085 -0.016264493 0.429026902 -0.674362421 0.502845228 -0.329117000
1757625236435904512.000000 -1.245387435 -1.580146432 -0.023327323 0.433412999 -0.682650208 0.495014757 -0.317965925
1757625236902563840.000000 -1.106921911 -1.550531030 -0.024074726 0.386137843 -0.711504102 0.525938094 -0.260861456
1757625237269218816.000000 -0.995464802 -1.526373267 -0.023678066 0.340236187 -0.737316549 0.537924528 -0.226364672
1757625237769563648.000000 -0.919018149 -1.512485266 -0.030577807 0.305893928 -0.756599724 0.542843223 -0.198260009
1757625238270313984.000000 -0.915683389 -1.522172213 -0.026453774 0.311255246 -0.752110362 0.544516385 -0.202366263
1757625238804104960.000000 -0.928497314 -1.519283175 -0.029358312 0.314389080 -0.753997028 0.541045249 -0.199795201
1757625239304222976.000000 -0.953678429 -1.492112279 -0.032187939 0.294453710 -0.756522834 0.549709678 -0.196950763
1757625239804334080.000000 -0.986487210 -1.470072389 -0.027462110 0.289438963 -0.747053564 0.562751472 -0.203585207
1757625240304439808.000000 -1.046154141 -1.469715595 -0.026855407 0.294035971 -0.753814340 0.553017676 -0.198691592
1757625240837897216.000000 -1.130358100 -1.454008222 -0.030740401 0.302813739 -0.763895690 0.529777944 -0.210006297
1757625241338021376.000000 -1.183504701 -1.371555328 -0.020020358 0.307988763 -0.737689435 0.556041539 -0.227541253
1757625241838143232.000000 -1.207172036 -1.253094077 -0.016967570 0.295953870 -0.734114408 0.572881579 -0.212824032
1757625242338266368.000000 -1.209323645 -1.206448317 -0.024147620 0.311664760 -0.729801714 0.572322011 -0.206645161
1757625242871718912.000000 -1.189958811 -1.250633001 -0.024232205 0.288461864 -0.740147710 0.572811842 -0.202133015
1757625243405164544.000000 -1.101733446 -1.387264490 -0.018642303 0.367112905 -0.707382023 0.537302077 -0.275944561
1757625243905282048.000000 -1.007903099 -1.464341760 -0.022791309 0.491800487 -0.645474374 0.469379842 -0.348106027
1757625244272037120.000000 -0.938572288 -1.450339198 -0.033516694 0.554947555 -0.607993066 0.415536344 -0.386920065
1757625244638791168.000000 -0.892980516 -1.363639116 -0.029405229 0.547113776 -0.596069038 0.449107289 -0.379039407
1757625245038884096.000000 -0.813257933 -1.262132049 -0.026261408 0.537177861 -0.590433955 0.465636939 -0.382112414
1757625245405636608.000000 -0.753628969 -1.198027730 -0.026017781 -0.586853921 0.548530400 -0.430844605 0.411205441
1757625245905760512.000000 -0.627043843 -1.146383047 -0.029574996 -0.662126124 0.448419362 -0.343342662 0.492569745
1757625246439228928.000000 -0.432706416 -1.085314870 -0.021855403 -0.705849886 0.353299975 -0.272673100 0.550094962
1757625246939352576.000000 -0.350229174 -0.982418776 -0.023953047 -0.741616189 0.294209659 -0.217554018 0.562242270
1757625247472817664.000000 -0.378409505 -0.808557093 -0.013870509 -0.731726468 0.235450342 -0.236819819 0.594185174
1757625247972944384.000000 -0.343613446 -0.667903483 -0.019027470 -0.747492373 0.198691472 -0.189956173 0.604726017
1757625248506413568.000000 -0.232954890 -0.537662506 -0.021933077 -0.761288941 0.140111789 -0.126762360 0.620273471
1757625249006534144.000000 -0.123265423 -0.406157136 -0.012787736 -0.768143773 0.052335240 -0.052327983 0.635985911
1757625249539996416.000000 -0.108010933 -0.304756105 0.002252566 -0.778114200 0.024581682 -0.026800562 0.627069116
1757625249906751744.000000 -0.131839439 -0.256418556 0.014803303 -0.759686112 0.038137242 -0.040622789 0.647898376
1757625250306849536.000000 -0.150241017 -0.215290710 0.010925376 -0.749206960 0.046170902 -0.041879933 0.659396112
1757625250740285440.000000 -0.116155706 -0.197013766 0.014774105 -0.750971556 0.023615856 -0.043873671 0.658452153
1757625251140377856.000000 -0.073785864 -0.178912669 0.009345219 -0.750521302 0.010563293 -0.026023900 0.660249233
1757625251607151872.000000 -0.087387368 -0.151890874 0.006019506 -0.754463613 0.007418687 -0.024120385 0.655856490
1757625252007245824.000000 -0.148880556 -0.132989079 -0.000305980 -0.758585334 0.023890531 -0.038439889 0.650000036
1757625252407338496.000000 -0.180856213 -0.088595748 -0.004482517 -0.764377892 0.027023327 -0.049186058 0.642321587
1757625254107736832.000000 -0.283976495 0.454400003 -0.014738228 -0.755149364 -0.198104382 0.123247616 0.612628937
1757625254874572288.000000 -0.568664730 0.522228003 0.000048281 -0.721050143 -0.240442678 0.144653186 0.633521557
1757625255641417472.000000 -0.772958100 0.699684501 0.009514856 -0.679817796 -0.357230246 0.276496053 0.577740669
1757625256541628416.000000 -1.050226927 0.822409153 0.022101248 -0.587081790 -0.503341556 0.401930898 0.490340590
1757625259175560960.000000 -1.898744583 0.609151602 0.020165185 -0.413395166 -0.656106055 0.527616322 0.346771300
1757625260275814912.000000 -2.086079359 0.321969509 0.022160796 -0.427801788 -0.637156606 0.513522625 0.383811980
1757625260642571520.000000 -2.180984259 0.277309835 0.015138347 -0.415121436 -0.658938766 0.514499068 0.358838052
1757625261476108544.000000 -2.469497681 0.201655835 0.024593487 -0.353107184 -0.679029524 0.570169389 0.298565000
1757625264176779520.000000 -3.143478870 -0.367997855 0.032820709 -0.202620998 -0.744701982 0.613821983 0.166091621
1757625264643559424.000000 -3.173260689 -0.491828740 0.021267561 -0.155563712 -0.773116529 0.599122167 0.138359472
1757625266410630656.000000 -3.154269218 -1.134989619 0.033292022 0.052713100 -0.768028975 0.638238907 0.001986908
1757625266844069632.000000 -3.165446281 -1.284764171 0.021635814 0.132633746 -0.768698752 0.621907592 -0.068858884
1757625267344193024.000000 -3.111484051 -1.373726010 0.011479490 0.161829352 -0.772012413 0.606360376 -0.100673333
1757625267877647616.000000 -2.940482140 -1.428026080 0.019118527 0.152491495 -0.754746079 0.632914901 -0.080768228
1757625268277734656.000000 -2.805182934 -1.456166625 0.002135638 0.177148968 -0.752856612 0.628524363 -0.082354255
1757625268744513024.000000 -2.698633909 -1.526743650 -0.003473522 0.261742979 -0.733983278 0.608766019 -0.148872957
1757625269244644864.000000 -2.598064899 -1.707653999 0.007208543 0.287644804 -0.709145129 0.596689463 -0.241527379
1757625269778109440.000000 -2.475281954 -1.816478133 0.001894573 0.369503498 -0.680101991 0.560991764 -0.293626934
1757625270311561216.000000 -2.355222464 -1.842151284 0.010899361 0.361728579 -0.674401402 0.581606090 -0.275807023
1757625270811679232.000000 -2.196116447 -1.828873396 0.012445793 0.345930070 -0.662183762 0.607480884 -0.269837171
1757625271311802368.000000 -2.067811728 -1.855447412 0.008716222 0.345267504 -0.666412115 0.605252922 -0.265243560
1757625271811923968.000000 -1.916955948 -1.978022218 0.002561091 0.392587572 -0.645682633 0.555225790 -0.347409338
1757625272312044544.000000 -1.742140651 -2.070227861 0.007782508 0.485860944 -0.588139355 0.501840174 -0.407661378
1757625272812160512.000000 -1.631228685 -2.081077814 -0.001317507 -0.565664232 0.542276740 -0.429465503 0.448909134
1757625273345613312.000000 -1.517731309 -1.991685987 -0.000284765 -0.571509421 0.531023443 -0.452643424 0.431862265
1757625273845731072.000000 -1.409922838 -1.876819611 -0.002086719 -0.573615134 0.516170382 -0.451886505 0.447585225
1757625274379195136.000000 -1.290314317 -1.803988576 -0.007667126 -0.619675159 0.466240674 -0.400043160 0.488454610
1757625274879317760.000000 -1.102194190 -1.770306230 -0.003065336 -0.641565025 0.411750793 -0.339577347 0.550947189
1757625275379440128.000000 -0.970768034 -1.689166546 -0.011375764 -0.680642843 0.362440616 -0.303353846 0.559766531
1757625275879564544.000000 -0.886325955 -1.540345669 -0.011722153 -0.676327348 0.367043406 -0.340260297 0.540447474
1757625276379690240.000000 -0.821300745 -1.390116453 -0.004566370 -0.661839843 0.374654293 -0.354712874 0.543857455
1757625276879818752.000000 -0.706986189 -1.305993795 -0.015233632 -0.671653152 0.378531456 -0.328116179 0.545834959
1757625277413289984.000000 -0.512673080 -1.242678642 -0.000663180 -0.671236098 0.325874984 -0.267256737 0.609771609
1757625277913402880.000000 -0.383506417 -1.159351587 -0.006436393 -0.704439044 0.294479042 -0.224733800 0.605427504
1757625278413509632.000000 -0.322083652 -1.048977494 -0.015973542 -0.696900249 0.327764422 -0.292119116 0.567068815
1757625278913627904.000000 -0.282802880 -0.886668742 -0.006580805 -0.663116753 0.327386171 -0.345384479 0.577757895
1757625279447091200.000000 -0.200426489 -0.755804837 -0.013080777 -0.693604231 0.317765474 -0.312935591 0.565693974
1757625279947212800.000000 -0.052747391 -0.633375764 -0.014993986 -0.723032475 0.234312698 -0.213135183 0.613917828
1757625280480675072.000000 0.094875738 -0.498491913 -0.017658366 -0.749827325 0.167960718 -0.145453781 0.623210609
1757625281014135296.000000 0.128502011 -0.375505269 -0.020931819 -0.773748398 0.133972466 -0.109770536 0.609356463
1757625281514253056.000000 0.065130875 -0.202441931 -0.006620678 -0.751219392 0.141446397 -0.147323593 0.627660751
1757625282014360064.000000 0.035977915 -0.058882732 -0.011426025 -0.759460807 0.152714506 -0.157084689 0.612553716
1757625282547807232.000000 0.093069531 0.155258507 -0.020903340 -0.772351801 0.099578366 -0.069833562 0.623442233
1757625282681171456.000000 0.113141604 0.225232810 -0.013683299 -0.775994301 0.084797457 -0.051081140 0.622922957
1757625283181285376.000000 0.153107271 0.438370645 -0.005678879 -0.779947400 0.007513110 -0.001706290 0.625797570
1757625283681397760.000000 0.043070566 0.559472024 -0.018207572 -0.784865201 -0.105623491 0.062483273 0.607392967
1757625284214843392.000000 -0.154954419 0.625971556 -0.005931092 -0.752491891 -0.144215450 0.101221964 0.634595811
1757625284714955776.000000 -0.263839066 0.686282337 -0.013652621 -0.749906361 -0.190691620 0.127639323 0.620471954
1757625285215080960.000000 -0.353702337 0.854988039 -0.022898756 -0.746019661 -0.239535898 0.216263652 0.582500935
1757625285715203584.000000 -0.490603238 1.007167697 -0.008689312 -0.706956863 -0.337298363 0.301156342 0.543826044
1757625286215319808.000000 -0.643247843 1.020929456 -0.005854837 -0.674745560 -0.430523604 0.344330013 0.490718693
1757625286715433472.000000 -0.824310184 0.951132894 0.007734327 -0.636779189 -0.426686049 0.356018215 0.534511268
1757625287248885504.000000 -0.986455739 0.908689022 0.016996024 -0.645472109 -0.404223353 0.345692813 0.548147619
1757625287715659520.000000 -1.134908795 0.952682972 0.013581323 -0.628913045 -0.435715228 0.381500483 0.518727243
1757625288215780096.000000 -1.321891904 1.057795405 0.032634318 -0.619118154 -0.447470695 0.416270435 0.493134558
1757625288682556160.000000 -1.479037642 1.059556246 0.025054842 -0.574736893 -0.522966266 0.443143547 0.446998566
1757625289182667520.000000 -1.597209215 0.948873758 0.021744490 -0.546941400 -0.526029646 0.443902910 0.476548284
1757625289649440256.000000 -1.730743647 0.805064559 0.026654497 -0.518551171 -0.542016089 0.451456457 0.483229160
1757625290149562880.000000 -1.844688177 0.744873703 0.022865634 -0.495090187 -0.574594557 0.470113844 0.451353431
1757625290683027200.000000 -2.042803526 0.736538947 0.023993803 -0.487323493 -0.585217953 0.508111775 0.402316183
1757625291216492288.000000 -2.248891354 0.663620710 0.009033932 -0.431080371 -0.658299983 0.514065385 0.341390908
1757625291716617984.000000 -2.334259987 0.576986134 0.011040233 -0.394746095 -0.682060182 0.529119372 0.314646125
1757625292250087680.000000 -2.390024185 0.410981834 0.019205127 -0.436231643 -0.636398196 0.508025587 0.382896096
1757625292750216448.000000 -2.442191839 0.302523524 0.015069908 -0.472466886 -0.602118671 0.499805272 0.405491024
1757625293250347008.000000 -2.621163130 0.243794456 0.011515819 -0.450030446 -0.630943716 0.531271160 0.342247814
1757625293783813120.000000 -2.756464958 0.158160150 0.027015198 -0.342692554 -0.687180936 0.576898813 0.278445631
1757625294283929344.000000 -2.765539646 0.002666689 0.024955733 -0.250093460 -0.720455706 0.602315187 0.235824883
1757625294784050944.000000 -2.746247768 -0.178524792 0.041706737 -0.242052272 -0.699140310 0.622234106 0.255809098
1757625295284177664.000000 -2.762547731 -0.296784341 0.042951580 -0.201715201 -0.711767972 0.640414596 0.206316769
1757625295784303872.000000 -2.857770920 -0.444222093 0.046199083 -0.141742945 -0.723620892 0.666438937 0.110185944
1757625296217746432.000000 -2.953204632 -0.594082177 0.049504720 -0.096917257 -0.728389442 0.673505068 0.080292016
1757625296717871616.000000 -3.030759811 -0.709528565 0.040044185 -0.072617963 -0.749866366 0.657362342 0.017376861
1757625297251336448.000000 -2.993710279 -0.839432001 0.043697983 -0.094183043 -0.730893016 0.671097338 0.080953240
1757625297751458304.000000 -2.920922995 -0.993837059 0.040106058 -0.082607865 -0.725759447 0.676594615 0.093107149
1757625298218236672.000000 -2.906789541 -1.138973475 0.030897554 -0.037413880 -0.747013032 0.660132885 0.069256060
1757625298718359296.000000 -2.986001492 -1.332684278 0.029973209 0.024769736 -0.734539092 0.677436471 -0.030308053
1757625299251831552.000000 -2.963921070 -1.496713638 0.019993329 0.136683911 -0.743517995 0.647566378 -0.095688991
1757625299751951872.000000 -2.878740549 -1.551128507 0.019007333 0.116922036 -0.748459280 0.650717258 -0.052009691
1757625300218718720.000000 -2.721188545 -1.568368316 0.024036737 0.141287252 -0.729160190 0.663634360 -0.089178555
1757625300718830848.000000 -2.567512274 -1.583218694 0.010853063 0.206907168 -0.722013712 0.643734992 -0.146598220
1757625301218951424.000000 -2.418401480 -1.653447866 -0.000136767 0.309863299 -0.700490236 0.602695405 -0.223732993
1757625301719071744.000000 -2.254349232 -1.773190618 0.010309951 0.392148346 -0.653815031 0.565488756 -0.314592093
1757625302252530176.000000 -2.128113270 -1.816019416 0.003098814 0.472970277 -0.615093470 0.512288213 -0.368130505
1757625302785987584.000000 -1.997493982 -1.771868825 0.009089222 0.456923723 -0.601339638 0.543097079 -0.366956264
1757625303319442176.000000 -1.837253571 -1.726487994 0.010470556 0.447377801 -0.608181000 0.541619122 -0.369618267
1757625303819561984.000000 -1.695579410 -1.696624279 0.001476100 0.474307686 -0.611204505 0.518420041 -0.364282936
1757625304319686400.000000 -1.543605328 -1.713726640 -0.008458328 0.514336646 -0.574994385 0.481792241 -0.415590614
1757625304819808000.000000 -1.367148995 -1.731081009 -0.010453023 -0.564445496 0.527879119 -0.445602983 0.451866031
1757625305319927296.000000 -1.268805504 -1.675247908 -0.015493676 -0.631308258 0.467378706 -0.387308478 0.482699871
1757625305820043264.000000 -1.195763350 -1.556307554 -0.009543294 -0.619215250 0.464420140 -0.403570652 0.487870097
