1757625501266490112.000000 0.078042403 -0.061299749 -0.013487553 -0.678419054 0.041425526 0.000596583 0.733506083
1757625501533214976.000000 0.056091256 -0.065043896 -0.014814034 -0.680624604 0.031732377 0.000467222 0.731944740
1757625501799941632.000000 0.025235703 -0.069443181 -0.015910510 -0.682634830 0.031125039 -0.006811643 0.730064869
1757625502066668032.000000 -0.006970057 -0.076729134 -0.018275242 -0.683147550 0.042253476 -0.017052779 0.728857517
1757625502333394176.000000 -0.031642854 -0.085263655 -0.025242116 -0.685195744 0.049529832 -0.021666357 0.726349950
1757625502600121088.000000 -0.039926603 -0.089596048 -0.024976453 -0.682417572 0.053635225 -0.017424760 0.728783906
1757625502866848256.000000 -0.035322919 -0.074669227 -0.026609682 -0.687473297 0.066192232 -0.028020333 0.722643673
1757625503133576704.000000 -0.004333166 -0.048673794 -0.026224442 -0.686562240 0.085332453 -0.040403806 0.720914900
1757625503967102208.000000 0.166133434 0.069327287 -0.016472299 -0.687617540 0.093263470 -0.043106951 0.718766987
1757625504100465920.000000 0.188536867 0.090146139 -0.021121915 -0.696777582 0.098037332 -0.052528925 0.708611727
1757625504200489472.000000 0.202699065 0.103815027 -0.024601091 -0.703482866 0.103903189 -0.055886094 0.700851500
1757625504367195648.000000 0.217873603 0.123184294 -0.023963433 -0.706852913 0.115739755 -0.061015010 0.695154965
1757625504600582656.000000 0.219470471 0.161628485 -0.028135695 -0.715975583 0.131091639 -0.073655561 0.681739569
1757625504767288576.000000 0.200757012 0.186857969 -0.032016918 -0.712510586 0.140033901 -0.099398337 0.680322886
1757625504933994752.000000 0.174963117 0.219668433 -0.029177615 -0.703939199 0.145913810 -0.127678692 0.683283925
1757625505100699904.000000 0.155466050 0.262732267 -0.029976942 -0.697862148 0.157146215 -0.145731747 0.683414876
1757625505267406336.000000 0.141515419 0.310746014 -0.027657928 -0.693560958 0.174829572 -0.164243981 0.679287791
1757625505500793600.000000 0.123804078 0.377495915 -0.031530406 -0.695756018 0.196477935 -0.185746416 0.665445983
1757625505667500032.000000 0.115507782 0.416080534 -0.036416888 -0.700832784 0.203053117 -0.196367398 0.655013621
1757625505934230272.000000 0.134254217 0.469872028 -0.039807979 -0.711107731 0.223895341 -0.209090099 0.632833421
1757625506134278656.000000 0.172187135 0.506094694 -0.042082977 -0.716137171 0.237040088 -0.214248672 0.620529652
1757625506401009408.000000 0.248615965 0.536314607 -0.038013987 -0.707705677 0.239603609 -0.208467126 0.631097734
1757625506634399232.000000 0.319557607 0.566497028 -0.031204648 -0.710545242 0.207200155 -0.182919249 0.647096753
1757625507134524416.000000 0.445591033 0.617973924 -0.031487219 -0.725440919 0.131492615 -0.108043149 0.666912258
1757625507367916032.000000 0.475122690 0.643298864 -0.034324534 -0.733252883 0.117168963 -0.092307784 0.663393617
1757625507868039424.000000 0.496289790 0.752945185 -0.041728012 -0.741292298 0.114684649 -0.109233312 0.652227938
1757625508168110336.000000 0.509788096 0.843426764 -0.040984601 -0.727174640 0.167004257 -0.175150216 0.642377734
1757625508434841344.000000 0.540216982 0.913186669 -0.037234623 -0.695542336 0.257699043 -0.255335599 0.620173991
1757625508735043328.000000 0.582559228 0.960823298 -0.042933717 -0.659019589 0.354659736 -0.333849370 0.573109329
1757625508968984576.000000 0.630104005 0.977945089 -0.043390177 -0.637061357 0.395015985 -0.363711059 0.553018451
1757625509269803264.000000 0.729434788 0.977416337 -0.042468101 -0.628432870 0.399681926 -0.348635525 0.569016457
1757625509537230080.000000 0.834111691 0.966261446 -0.039043371 -0.617722750 0.393572450 -0.334447920 0.593012631
1757625510037644032.000000 0.995303810 0.974983037 -0.045324445 -0.625351906 0.409210980 -0.309415489 0.587999523
1757625510570952192.000000 1.081508994 1.078400612 -0.046560142 -0.616806746 0.425762177 -0.360560089 0.555222869
1757625510904276480.000000 1.135404706 1.156927705 -0.032450862 -0.566707671 0.449640274 -0.422518969 0.546025395
1757625511137605376.000000 1.192097068 1.203831196 -0.037801366 -0.543828785 0.482081711 -0.439903736 0.527571917
1757625511370930432.000000 1.251583815 1.231740236 -0.036329381 -0.521645308 0.517278254 -0.460447758 0.498294473
1757625511604252672.000000 1.319533944 1.236256838 -0.037140645 0.511780143 -0.537372112 0.470153600 -0.477774024
1757625511837598208.000000 1.391726851 1.198951483 -0.040060431 0.503700912 -0.534459531 0.463896483 -0.495417356
1757625512070955776.000000 1.478555202 1.143546224 -0.035546388 -0.504016042 0.527883828 -0.447264850 0.516972482
1757625512437655040.000000 1.582268119 1.086743832 -0.040549822 -0.511068821 0.518778205 -0.444356918 0.521751702
1757625512671006208.000000 1.644379020 1.074790835 -0.039514549 -0.509854615 0.537902176 -0.446571469 0.501281857
1757625512904342528.000000 1.710649252 1.079540968 -0.040094048 0.506207645 -0.559272349 0.458610743 -0.469728023
1757625513104341248.000000 1.770216107 1.089630008 -0.043434314 0.487362266 -0.580635488 0.484907120 -0.436125726
1757625513337671168.000000 1.835676551 1.114436150 -0.038059857 0.461994529 -0.587082624 0.523179114 -0.410095930
1757625513570996736.000000 1.914544821 1.130849004 -0.026968846 0.446847677 -0.596843958 0.537257850 -0.394282132
1757625513804324864.000000 2.000680447 1.142201781 -0.036420062 0.434262812 -0.622204423 0.546391368 -0.354589731
1757625514004320000.000000 2.056710958 1.138420343 -0.037578888 0.407299995 -0.651140153 0.559882104 -0.310894400
1757625514204313344.000000 2.101572037 1.119078875 -0.038979091 0.385635257 -0.672352314 0.568042219 -0.276687324
1757625514404303104.000000 2.135962009 1.073169231 -0.038527716 0.370644420 -0.681375921 0.569414318 -0.272244304
1757625514604291072.000000 2.156764984 0.996760190 -0.038085170 0.356950551 -0.681387246 0.559857190 -0.307989866
1757625514904282624.000000 2.192707062 0.880242109 -0.031804007 0.360352397 -0.665482044 0.551084161 -0.351548135
1757625515104277504.000000 2.204117775 0.812802553 -0.035277318 0.340796977 -0.667553306 0.551887631 -0.365581870
1757625515304269056.000000 2.226205349 0.776439369 -0.033605188 0.337176800 -0.668468118 0.555569530 -0.361669451
1757625515537590272.000000 2.271468163 0.747600973 -0.035486549 0.338357389 -0.680080414 0.547944248 -0.350374281
1757625515770914048.000000 2.324840307 0.740777612 -0.037011422 0.303258032 -0.698442459 0.575787306 -0.297794849
1757625516004246784.000000 2.391138792 0.755120039 -0.029470585 0.230336964 -0.702673912 0.635780632 -0.221308365
1757625516204242432.000000 2.469763994 0.755826831 -0.026830573 0.189341500 -0.709935844 0.658500731 -0.162842572
1757625516404237056.000000 2.536657810 0.744696081 -0.023184666 0.148258150 -0.719388068 0.667483389 -0.122336678
1757625516604228096.000000 2.591486692 0.732724071 -0.029576991 0.112734094 -0.726753056 0.672863662 -0.079847775
1757625517137545728.000000 2.590760231 0.640013576 -0.024973243 0.017579779 -0.735564590 0.675914168 -0.042140577
1757625517304205056.000000 2.554093122 0.590327621 -0.021825723 -0.003173015 -0.727459431 0.682088315 -0.074487008
1757625517604185856.000000 2.506116152 0.485690087 -0.021724878 -0.005546886 -0.720311582 0.685520709 -0.105744354
1757625517837512704.000000 2.487379551 0.420813501 -0.017595017 -0.003838385 -0.721784949 0.685663462 -0.094219953
1757625518104173056.000000 2.482473135 0.377017170 -0.012689818 -0.023361413 -0.729336381 0.680492222 -0.066731393
1757625519304130560.000000 2.604394197 0.070813000 -0.010412494 -0.140708894 -0.719244778 0.670201600 0.117123298
1757625519670777600.000000 2.587693930 -0.011178572 -0.016069448 -0.188796222 -0.716699362 0.652395189 0.158362016
1757625519870777088.000000 2.537111521 -0.049357839 -0.023134151 -0.202522635 -0.723558307 0.640060127 0.160533577
1757625520070775040.000000 2.465862036 -0.068561390 -0.022260021 -0.215706974 -0.708421469 0.654708743 0.151545420
1757625520270769920.000000 2.387604713 -0.093289889 -0.015122674 -0.230105013 -0.693825483 0.664927602 0.153392196
1757625520470763008.000000 2.315522909 -0.127889395 -0.009209549 -0.225974143 -0.690170884 0.670834422 0.150269940
1757625520670752768.000000 2.249437332 -0.167127281 -0.017625781 -0.239329547 -0.702106833 0.654365242 0.146879330
1757625520737419264.000000 2.233779192 -0.177538440 -0.016286742 -0.243283734 -0.701510966 0.653160810 0.148581684
1757625521270741760.000000 2.179324627 -0.298607856 -0.021555701 -0.286777020 -0.680423498 0.636367321 0.223202989
1757625521504064000.000000 2.192548752 -0.375334531 -0.008055979 -0.287130803 -0.646373808 0.647488415 0.283752650
1757625521737497344.000000 2.173966408 -0.467546463 -0.014090251 -0.306544423 -0.635725319 0.635045707 0.314007640
1757625522004802816.000000 2.132081032 -0.528731704 -0.012701125 -0.351876318 -0.616662562 0.614205897 0.344472736
1757625523206446592.000000 1.719581485 -0.619637728 -0.030805796 -0.383224398 -0.613729119 0.606478930 0.329634637
1757625525241304320.000000 1.161949754 -0.813903332 -0.036696773 -0.559923291 -0.451655835 0.461246341 0.519369483
1757625527043592704.000000 0.587774873 -0.786493838 -0.035230100 -0.598555088 -0.341748357 0.376679718 0.618912220
1757625529510936064.000000 -0.081521861 -0.414591938 -0.033351034 -0.696368515 -0.173069388 0.176187560 0.673851550
1757625529977805312.000000 -0.185170949 -0.360971898 -0.043272067 -0.720174313 -0.092645571 0.084941991 0.682312727
1757625532078757888.000000 -0.193603233 0.198780209 -0.045198441 -0.732302070 0.079263598 -0.080808178 0.671506524
1757625532546281216.000000 -0.226058915 0.337893963 -0.041944705 -0.725219131 0.145464540 -0.145851329 0.656981528
1757625533013171712.000000 -0.213651553 0.430553943 -0.047830168 -0.724216342 0.204427004 -0.201515868 0.626986206
1757625533545989632.000000 -0.083048858 0.491709888 -0.040957265 -0.702776968 0.247412056 -0.203102767 0.635327637
1757625534078814208.000000 0.060794447 0.546203852 -0.035520244 -0.684189558 0.238116756 -0.203739896 0.658540189
1757625534644919040.000000 0.148457989 0.645093203 -0.041084487 -0.686409056 0.295730710 -0.246382594 0.616994083
1757625535044542208.000000 0.185949072 0.747534811 -0.035162214 -0.655234814 0.340163320 -0.316740990 0.595509350
1757625535610644736.000000 0.237824023 0.868778944 -0.032951970 -0.621923327 0.391087174 -0.369214088 0.569160163
1757625536143470848.000000 0.316990793 0.915180862 -0.037883759 -0.605654061 0.442540646 -0.399806499 0.526778638
1757625536709558784.000000 0.499481231 0.898824096 -0.036715135 -0.622928679 0.415307909 -0.364210486 0.553922355
1757625537242405376.000000 0.672779381 0.858746886 -0.038985997 -0.663421929 0.368215889 -0.306045979 0.574999452
1757625537775201024.000000 0.752672732 0.871381640 -0.044495340 -0.674023569 0.351728171 -0.305415154 0.573324621
1757625538275454208.000000 0.847788393 0.950527251 -0.050772432 -0.692989290 0.303388000 -0.317123026 0.571974337
1757625538709052160.000000 0.919885397 0.964403629 -0.050764840 -0.703193843 0.256666243 -0.267275900 0.606798530
1757625539142184704.000000 0.995894551 0.952372730 -0.039050490 -0.731547832 0.126747087 -0.164454401 0.649405777
1757625539541894144.000000 1.080404639 0.914311290 -0.037393283 -0.744712651 0.026530543 -0.074325435 0.662702799
1757625540974457600.000000 1.031366706 0.743061960 -0.042137288 -0.753615558 -0.187987685 0.119344011 0.618450642
1757625543542112000.000000 0.962649941 0.977866769 -0.068994731 -0.776274025 -0.246562004 0.191931248 0.547511041
1757625546342462976.000000 0.873192549 0.832019389 -0.066467650 -0.807494164 -0.007052607 0.001898814 0.589830518
1757625546876237056.000000 0.951277077 0.847252965 -0.063587911 -0.803618312 0.058518957 -0.029971464 0.591502249
1757625547376235776.000000 1.108091354 0.873465657 -0.056251083 -0.782155752 0.100586258 -0.032316573 0.614060581
1757625547876363776.000000 1.270423889 0.903997838 -0.059915584 -0.766171157 0.189666972 -0.093301877 0.606879771
1757625548410467328.000000 1.375795722 0.955419540 -0.074610755 -0.733911395 0.332140297 -0.191589698 0.560669661
1757625548877744384.000000 1.453418732 1.039579391 -0.073266201 -0.646608353 0.470487446 -0.329083830 0.502238095
1757625549311187200.000000 1.525224090 1.100140452 -0.064528942 0.568995535 -0.569729686 0.404886752 -0.433265358
1757625549844803840.000000 1.607087851 1.044730544 -0.063839845 0.502865851 -0.626335144 0.447279304 -0.393410116
1757625550379581696.000000 1.745809078 0.919999063 -0.048167288 0.506161630 -0.602094054 0.448845655 -0.424052805
1757625550914095872.000000 1.841349721 0.852054477 -0.055646628 0.479157537 -0.628122211 0.468235105 -0.395760775
1757625551414101504.000000 1.975792408 0.840414822 -0.054503039 0.416310072 -0.659239173 0.527550042 -0.337313920
1757625551947431936.000000 2.150751591 0.817726731 -0.044409115 0.316406727 -0.708959520 0.576861322 -0.253957272
1757625552480760576.000000 2.223427773 0.712235570 -0.050476361 0.232433006 -0.752416909 0.589993477 -0.178189561
1757625553014086912.000000 2.233456135 0.528337777 -0.048717242 0.194893122 -0.753423631 0.602644026 -0.176606283
1757625553547417856.000000 2.243695736 0.393815458 -0.053898744 0.128039122 -0.779952824 0.599201620 -0.127424821
1757625554080754176.000000 2.289357662 0.241864711 -0.048218191 -0.015729412 -0.796318829 0.604613841 -0.008424624
1757625556180745984.000000 2.017690659 -0.183211476 -0.033578821 -0.250245214 -0.740010023 0.610749722 0.129411772
1757625557247394048.000000 1.820857048 -0.425090700 -0.039263114 -0.491269082 -0.592790306 0.508331597 0.385815114
1757625559414014976.000000 1.001831532 -0.596472085 -0.058487184 -0.629721761 -0.470892578 0.376590520 0.489786059
1757625561547306496.000000 0.276252121 -0.474592656 -0.052270330 -0.710389197 -0.309785724 0.257720858 0.577026904
1757625564113921024.000000 -0.114976913 0.014029259 -0.050536629 -0.762267232 0.058237206 -0.056800399 0.642130017
1757625564680566016.000000 -0.157255769 0.027693242 -0.050376154 -0.743991077 0.124930903 -0.116175599 0.646044075
1757625565247214080.000000 -0.136696965 0.022203807 -0.043520421 -0.736515343 0.123395443 -0.115571454 0.654951990
1757625565813885184.000000 -0.138963714 0.059719104 -0.055879496 -0.743019998 0.186487362 -0.167358100 0.620592475
1757625566347960832.000000 -0.059649289 0.140809149 -0.057209551 -0.741793454 0.226887122 -0.170447111 0.607628703
1757625566848679424.000000 0.086872831 0.258706689 -0.043614261 -0.734729052 0.202789024 -0.137288749 0.632614970
1757625567348797184.000000 0.178418830 0.420005172 -0.055537567 -0.767662168 0.182711020 -0.118180394 0.602780879
1757625567848914944.000000 0.193516910 0.613640845 -0.053288411 -0.756233811 0.236648679 -0.185107335 0.581242800
1757625568382371072.000000 0.234271795 0.739681244 -0.050119184 -0.708751857 0.336795717 -0.258781195 0.563268781
1757625568882486784.000000 0.396647036 0.798827589 -0.054722097 -0.680516481 0.368267208 -0.245151773 0.584103823
1757625569415946240.000000 0.552038789 0.885849178 -0.044949207 -0.675015688 0.391214252 -0.266820997 0.565784276
1757625569916065024.000000 0.643059790 0.970770419 -0.050970696 -0.636541188 0.455756575 -0.332991332 0.525564611
1757625570416189440.000000 0.730067253 1.109804392 -0.040410459 -0.582870364 0.506343663 -0.396396458 0.496737570
1757625570949658368.000000 0.823179960 1.175458074 -0.044449646 0.539709389 -0.569148540 0.451896369 -0.424939185
1757625571449790720.000000 0.944723427 1.082293987 -0.040269405 0.441646397 -0.638176560 0.477719128 -0.411659628
1757625571983258624.000000 1.070897937 1.000958562 -0.048955508 0.397632241 -0.676838219 0.492095739 -0.376324773
1757625572483373312.000000 1.152037621 0.936825275 -0.060072269 0.327641129 -0.729086637 0.516486466 -0.307125121
1757625572983487744.000000 1.279215693 0.911935627 -0.045219876 0.220695987 -0.747476637 0.589644372 -0.211876422
1757625573483605504.000000 1.384501934 0.838159919 -0.046742178 0.144598901 -0.771083415 0.604844511 -0.136691615
1757625573983727616.000000 1.406414866 0.654781640 -0.047284927 0.133971840 -0.776493847 0.598415911 -0.144939005
1757625574483857920.000000 1.386379838 0.477853328 -0.044410095 0.137319028 -0.775237441 0.596309483 -0.156733990
1757625574983986176.000000 1.406318069 0.355420113 -0.040434510 0.110260181 -0.781697750 0.601072371 -0.124512792
1757625575517451776.000000 1.514710546 0.232202679 -0.037980624 0.123479836 -0.758184850 0.637285054 -0.061452314
1757625576017573632.000000 1.549586535 0.074014671 -0.040830724 0.141286477 -0.763511121 0.626473427 -0.067970298
1757625576551032320.000000 1.523250937 -0.174941435 -0.053690054 0.234190106 -0.742306232 0.608482182 -0.154550835
1757625577051149056.000000 1.538872242 -0.369311482 -0.066578805 0.307466507 -0.743989050 0.545181394 -0.233927071
1757625577184513280.000000 1.559738994 -0.400249481 -0.069053374 0.321748793 -0.742085516 0.537403047 -0.238715142
1757625577684629248.000000 1.713248968 -0.480892003 -0.074276552 0.372605830 -0.710205793 0.563204050 -0.198931947
1757625578184747264.000000 1.835970521 -0.561958075 -0.074847072 0.405245483 -0.678328276 0.566873968 -0.233025387
1757625578684866304.000000 1.945542693 -0.667846620 -0.073586248 0.484923631 -0.612882555 0.530202031 -0.328800708
1757625579184981248.000000 2.086220503 -0.759090364 -0.079469196 -0.583507061 0.545337737 -0.454934835 0.393904388
1757625579685093376.000000 2.219325542 -0.748237491 -0.082313605 -0.631462753 0.499730855 -0.392736495 0.444164366
1757625580152719872.000000 2.341279268 -0.666670918 -0.065496176 -0.614808917 0.495718807 -0.429964334 0.437496960
1757625580654145536.000000 2.448480844 -0.639492452 -0.058283046 -0.608245373 0.509231329 -0.426827341 0.434211403
1757625581154574592.000000 2.596642017 -0.637074888 -0.058408566 -0.661696196 0.426858157 -0.359839320 0.500465751
1757625581687889920.000000 2.726825237 -0.617276371 -0.069387019 -0.731649995 0.311698884 -0.264139086 0.545676410
1757625582221209856.000000 2.751111746 -0.505362689 -0.067238890 -0.770508468 0.219073609 -0.202515721 0.563303471
1757625582754514432.000000 2.733514786 -0.350329101 -0.057475444 -0.761783063 0.202256456 -0.210470259 0.578343511
1757625583287833088.000000 2.759880304 -0.248793751 -0.052579600 -0.778053463 0.168779671 -0.177574024 0.578458071
1757625583821161728.000000 2.877252817 -0.147917137 -0.044710234 -0.776473403 0.109310232 -0.108238004 0.611084938
1757625584322382336.000000 2.938582182 -0.034411803 -0.047241542 -0.787692726 0.009040558 -0.035747398 0.614963949
1757625584856990208.000000 2.886975765 0.090063833 -0.046220154 -0.787561953 -0.061048582 0.014217521 0.613039315
1757625587391038720.000000 2.674965858 0.699895203 -0.046043269 -0.686457396 -0.335894048 0.212319672 0.608992517
1757625587925456640.000000 2.505705833 0.737827957 -0.051261991 -0.648049653 -0.393969029 0.252168000 0.601025343
1757625588425523968.000000 2.409394503 0.751596928 -0.055676740 -0.622299254 -0.442912400 0.301855952 0.570486784
1757625588958855680.000000 2.304366112 0.803458452 -0.067591131 -0.548827171 -0.545785487 0.395890385 0.494143367
1757625589491876096.000000 2.133822441 0.880491555 -0.050049268 -0.423318595 -0.654604197 0.486180454 0.394871235
1757625589958244096.000000 2.018570185 0.925825417 -0.052063461 -0.354513109 -0.702947080 0.540421009 0.296868831
1757625590424652032.000000 1.950160742 0.837551355 -0.055563208 -0.313736051 -0.719753921 0.550607502 0.283470213
1757625590891023360.000000 1.859233260 0.687938988 -0.049670443 -0.310289443 -0.711282134 0.549532473 0.309535474
1757625591424063488.000000 1.746297956 0.586633980 -0.054103620 -0.322213739 -0.723730147 0.537895858 0.288203359
1757625592992274176.000000 1.356446862 0.305170596 -0.041633885 -0.218237981 -0.719768882 0.638167024 0.164462432
1757625593491874304.000000 1.316191673 0.128386423 -0.045965586 -0.248657420 -0.706004441 0.627111793 0.215541318
1757625594024747008.000000 1.215463042 -0.009600587 -0.051095247 -0.271607906 -0.721333086 0.599042058 0.216925010
1757625594491032064.000000 1.063225389 -0.137631565 -0.049483616 -0.226463765 -0.728579879 0.626368046 0.159839392
1757625594990594304.000000 0.947576940 -0.274067402 -0.049758188 -0.171091959 -0.745762944 0.633246958 0.116462298
1757625595523507968.000000 0.915266693 -0.421887010 -0.060004912 -0.195765883 -0.730380058 0.636029303 0.153907254
1757625597090450176.000000 0.616572797 -0.805447161 -0.059810977 -0.342739612 -0.674631238 0.600243807 0.259055406
1757625597556842240.000000 0.505533755 -0.839815140 -0.069090910 -0.380846322 -0.670727670 0.566659629 0.289788425
1757625598056536320.000000 0.415214747 -0.861662745 -0.071228400 -0.484360367 -0.614044964 0.509414256 0.358944267
1757625598922671360.000000 0.212569386 -1.025344133 -0.071447209 -0.592922926 -0.510648549 0.417275727 0.462127239
1757625599322449920.000000 0.133073688 -1.018991113 -0.074121051 -0.645456195 -0.461502194 0.354233384 0.494894803
1757625599755507456.000000 0.039290380 -0.928934872 -0.075589515 -0.668823719 -0.407911956 0.367761135 0.501033425
1757625600122292480.000000 -0.049064450 -0.860152781 -0.070401102 -0.665754199 -0.388312161 0.371895164 0.517377019
1757625600455929344.000000 -0.083788708 -0.812839508 -0.070325717 -0.682814002 -0.347981006 0.354893178 0.535467148
1757625600822968832.000000 -0.137650877 -0.788172722 -0.071562082 -0.722606003 -0.295172811 0.300794244 0.547938406
1757625601189599488.000000 -0.219223976 -0.784162283 -0.066604227 -0.744840205 -0.217108756 0.223694295 0.589947283
1757625601622780672.000000 -0.330837369 -0.753423691 -0.062178522 -0.772132695 -0.103152275 0.124002270 0.614649713
1757625602055964928.000000 -0.404414445 -0.741944134 -0.071499936 -0.786982715 0.004846605 0.021314938 0.616587698
1757625602589129984.000000 -0.412665427 -0.672399104 -0.066942222 -0.788517475 0.071308993 -0.031651244 0.610043824
1757625603089252608.000000 -0.349118561 -0.563455760 -0.068064228 -0.766864777 0.077619709 -0.004084567 0.637084663
1757625603589859328.000000 -0.284050345 -0.429113686 -0.063909344 -0.762880087 0.088711008 -0.017471507 0.640186727
1757625604090311936.000000 -0.293281317 -0.273379028 -0.067230187 -0.777836144 0.120152943 -0.075980090 0.612177491
1757625604590465792.000000 -0.301235974 -0.107330799 -0.050619651 -0.748835027 0.184945792 -0.140169904 0.620800793
1757625605090562304.000000 -0.270961434 0.019373082 -0.056093149 -0.740296364 0.253058702 -0.186295658 0.594320238
1757625605657217792.000000 -0.127443835 0.142345995 -0.061077684 -0.745069921 0.240749419 -0.154899657 0.602425754
1757625606190541568.000000 0.017652301 0.251507699 -0.061008867 -0.761746585 0.213271722 -0.128959566 0.598019063
1757625606723861248.000000 0.080662273 0.337499082 -0.060708463 -0.751850784 0.252600163 -0.158477575 0.588046312
1757625607257188352.000000 0.113923900 0.524000585 -0.043442637 -0.727720737 0.282831371 -0.218113914 0.585538447
1757625607790509824.000000 0.146161914 0.656958580 -0.046551161 -0.710879266 0.322795212 -0.261223465 0.567640901
1757625608291063552.000000 0.258066326 0.743987978 -0.055371754 -0.723071814 0.312761843 -0.226862639 0.572608531
1757625608791839744.000000 0.416370302 0.827358007 -0.046272609 -0.717709661 0.311088711 -0.218559086 0.583394051
1757625609292086016.000000 0.527900100 0.907128036 -0.054206178 -0.724580169 0.332780808 -0.210773051 0.565522194
1757625609792207104.000000 0.573385298 1.025653124 -0.043460321 -0.665079236 0.391810566 -0.298163116 0.561473787
1757625610325676032.000000 0.638795137 1.153553486 -0.048144188 -0.632142901 0.452866524 -0.352211356 0.520820916
1757625610825806080.000000 0.729212463 1.179081082 -0.053633094 -0.617776871 0.486754835 -0.368170053 0.495855063
1757625611325934336.000000 0.890026867 1.157101393 -0.046538644 -0.607149422 0.479160905 -0.350925326 0.527850211
1757625611826063360.000000 1.013764739 1.156569004 -0.061634645 -0.626819909 0.481858552 -0.326354295 0.518075407
1757625612359533312.000000 1.094944596 1.210539103 -0.063147657 -0.579824626 0.536486089 -0.392380565 0.471193850
1757625612893003520.000000 1.208486080 1.299503922 -0.043754786 0.502447784 -0.599420905 0.459186733 -0.421174914
1757625613393119488.000000 1.284576535 1.352590322 -0.048217922 0.448991150 -0.644487262 0.505166531 -0.357561082
1757625613926575104.000000 1.332901716 1.262576580 -0.053410731 0.347087055 -0.701431394 0.545108557 -0.300634682
1757625614460027648.000000 1.398181438 1.135560751 -0.053793620 0.287631452 -0.716148436 0.573734701 -0.274277359
1757625614993480704.000000 1.417876124 1.038054585 -0.057048328 0.193567649 -0.764135361 0.583546638 -0.195197850
1757625615493598464.000000 1.472268224 0.936871469 -0.055449046 0.072457694 -0.793096840 0.600317419 -0.073255315
1757625615993957376.000000 1.568133950 0.809594750 -0.045925990 0.011067304 -0.793679416 0.608132005 -0.011219190
1757625616528759040.000000 1.588226080 0.711198986 -0.051924285 -0.112750597 -0.781106710 0.606750965 0.094935901
1757625617063167744.000000 1.435383081 0.610862911 -0.040661369 -0.147404000 -0.751016796 0.637553751 0.088154465
1757625617596484352.000000 1.350112319 0.497689903 -0.047636706 -0.149008006 -0.764185071 0.622916579 0.076110706
1757625618129800192.000000 1.365067601 0.343199790 -0.049653523 -0.176146507 -0.756347775 0.614042342 0.140934542
1757625618663119616.000000 1.374769330 0.174725831 -0.045200840 -0.224277124 -0.742809474 0.604239106 0.181187809
1757625619163125760.000000 1.338642359 0.048140556 -0.047368228 -0.231632337 -0.750138879 0.589838207 0.189021394
1757625619663143680.000000 1.218897700 -0.105963930 -0.048372589 -0.176212505 -0.753041327 0.624954164 0.106348909
1757625620163150848.000000 1.139810205 -0.255573809 -0.054597072 -0.137779340 -0.764230013 0.623320937 0.091871835
