1757624905793916928.000000 0.150585830 0.068112150 -0.025669370 -0.703237355 -0.055000309 -0.004166584 0.708812356
1757624906060571648.000000 0.152069300 0.066138700 -0.028611325 -0.706328213 -0.055535764 -0.004971472 0.705685139
1757624906327230208.000000 0.153782472 0.059985384 -0.029850274 -0.706574023 -0.059994731 -0.001933358 0.705088794
1757624906593887488.000000 0.153301403 0.056261376 -0.030400941 -0.706334233 -0.065855972 0.003111945 0.704801559
1757624906860538880.000000 0.150307253 0.054986645 -0.030731449 -0.705100358 -0.071414068 0.006132646 0.705475688
1757624907127186688.000000 0.150840029 0.060338072 -0.030664634 -0.705394208 -0.069350004 0.008433854 0.705364108
1757624907393852160.000000 0.150473863 0.075097278 -0.034389108 -0.710305393 -0.079961084 0.017123170 0.699127555
1757624909627120384.000000 0.177575812 0.379111856 -0.045597602 -0.733057439 0.005727743 -0.075385161 0.675952017
1757624909827109888.000000 0.156833291 0.438290358 -0.047408286 -0.737219810 0.039187890 -0.107989237 0.665814996
1757624910060428544.000000 0.160256937 0.512452304 -0.046581477 -0.738646567 0.069700770 -0.133953944 0.656962335
1757624910327088384.000000 0.202305794 0.620201766 -0.051704034 -0.736831009 0.091446735 -0.128293499 0.657463670
1757624910593748224.000000 0.263734937 0.749413788 -0.035971031 -0.724355102 0.103994630 -0.111506753 0.672354877
1757624910893734144.000000 0.301332504 0.893828273 -0.032370172 -0.733495593 0.106476754 -0.127566680 0.659070373
1757624911427056384.000000 0.317641944 1.098269224 -0.040234752 -0.706776798 0.200811744 -0.228352353 0.638745964
1757624911527055360.000000 0.317219943 1.143335462 -0.035282224 -0.699364424 0.222056687 -0.253991157 0.630133867
1757624911827051264.000000 0.314719796 1.252182126 -0.027185973 -0.672575891 0.276068389 -0.313391566 0.610912144
1757624912060376576.000000 0.338088542 1.315672755 -0.023739744 -0.660490036 0.306219786 -0.341793597 0.594272256
1757624912327038720.000000 0.406928390 1.379104018 -0.026817465 -0.651776910 0.329282433 -0.350273073 0.586573839
1757624912593696768.000000 0.503062308 1.450693369 -0.020415289 -0.644169748 0.345683873 -0.351138949 0.585020900
1757624912793688320.000000 0.556088030 1.503724337 -0.017889548 -0.634928048 0.355960876 -0.368484586 0.578253806
1757624913060338432.000000 0.631811917 1.572685719 -0.027799316 -0.640173078 0.395122826 -0.360253483 0.551610172
1757624913360337408.000000 0.685534120 1.679331899 -0.033981398 -0.628702402 0.425155252 -0.374627024 0.532570243
1757624913693670656.000000 0.736723900 1.803114414 -0.028059438 -0.582959116 0.470472187 -0.404202193 0.524819314
1757624913960331520.000000 0.808627129 1.887582302 -0.030897351 -0.584693015 0.483098149 -0.402937353 0.512241900
1757624914193660928.000000 0.907618046 1.924224377 -0.037906900 -0.577820897 0.490264237 -0.409323215 0.508152127
1757624914493663744.000000 1.051321864 1.942653894 -0.032257039 -0.571018279 0.481729478 -0.421555907 0.513970375
1757624914760327680.000000 1.156381249 1.964486957 -0.031482838 -0.566566169 0.492518634 -0.440736800 0.492117167
1757624915093651712.000000 1.270374417 1.990295410 -0.037534416 0.531091213 -0.543450534 0.478365839 -0.440192968
1757624915393660928.000000 1.369239092 2.044840813 -0.035383288 0.488896161 -0.577750802 0.524267316 -0.390292704
1757624915693666816.000000 1.452142954 2.083355904 -0.030263485 0.406652987 -0.621887326 0.574087739 -0.343966395
1757624915860334592.000000 1.500064969 2.087477922 -0.031879731 0.376823992 -0.647068143 0.586562335 -0.308627725
1757624916027000320.000000 1.542180181 2.075212240 -0.033969294 0.351448387 -0.663323820 0.595573604 -0.285967827
1757624916127000064.000000 1.568828106 2.059254646 -0.036237650 0.345592111 -0.669207931 0.596349597 -0.277658343
1757624916260333824.000000 1.603527546 2.023299456 -0.040853076 0.337460667 -0.677129388 0.595678985 -0.269782692
1757624916560330240.000000 1.677109122 1.923126459 -0.044763401 0.328111470 -0.677220285 0.599670529 -0.272233069
1757624916726992896.000000 1.718948245 1.879369974 -0.043924384 0.327471197 -0.676856220 0.605803430 -0.260058641
1757624916960317184.000000 1.773861051 1.832247615 -0.045886077 0.321944326 -0.689701438 0.602979124 -0.238914117
1757624917160310784.000000 1.826788545 1.806502819 -0.047881827 0.316017717 -0.700544715 0.597289503 -0.229380280
1757624917393646848.000000 1.900374770 1.794501305 -0.047492601 0.289910644 -0.710235119 0.608744085 -0.202357575
1757624917593647616.000000 1.966967463 1.793169141 -0.038353585 0.253926963 -0.713402689 0.625997007 -0.186294079
1757624917826978048.000000 2.045049429 1.785279870 -0.033515759 0.218110755 -0.726071477 0.629395545 -0.170614094
1757624918026973696.000000 2.098785639 1.775395513 -0.034723438 0.197181612 -0.736342669 0.629052818 -0.152352884
1757624918426980096.000000 2.169513941 1.720438123 -0.038303506 0.178767130 -0.739923775 0.635233760 -0.130511537
1757624918893650688.000000 2.231637716 1.586712003 -0.030524226 0.178953245 -0.737177074 0.636298299 -0.140250772
1757624919126982144.000000 2.279553890 1.521697998 -0.037106529 0.196412817 -0.742198169 0.627031863 -0.131890282
1757624919326992384.000000 2.323907137 1.482680321 -0.039516866 0.197830632 -0.752705812 0.616246104 -0.120572194
1757624919560333824.000000 2.388905048 1.464634180 -0.045120891 0.180307120 -0.758360207 0.617038786 -0.107899964
1757624919793673216.000000 2.465785027 1.471563697 -0.036486290 0.135273069 -0.742277265 0.649978042 -0.090853013
1757624920060343040.000000 2.554871082 1.482396126 -0.026855210 0.092280246 -0.716210485 0.687871397 -0.073210984
1757624920327290112.000000 2.612141371 1.479384661 -0.024178645 0.052174371 -0.704354823 0.706277668 -0.048311763
1757624920661111552.000000 2.645847797 1.433814526 -0.023524694 0.040220995 -0.714208901 0.698105633 -0.030601876
1757624920994983680.000000 2.636805773 1.346972823 -0.024052778 0.034617260 -0.722851872 0.688711464 -0.044309203
1757624921228556032.000000 2.619863987 1.276563406 -0.022564936 0.022848461 -0.716032803 0.696673870 -0.037689187
1757624921428599296.000000 2.598595381 1.209484935 -0.020885604 0.006476649 -0.717271805 0.696528316 -0.018098598
1757624923295671040.000000 2.474303961 0.584978938 -0.031086175 -0.262091100 -0.720962644 0.595336080 0.238947988
1757624925129435136.000000 2.163873196 -0.073788933 -0.024508771 -0.401839077 -0.611866593 0.535471320 0.421206862
1757624927830049024.000000 1.293754458 -0.569171190 -0.067474380 -0.580758572 -0.534904242 0.340041935 0.510850668
1757624930063880960.000000 0.548636734 -0.503113687 -0.072604284 -0.754117250 -0.236790463 0.120364383 0.600624681
1757624932266720512.000000 0.400790870 0.176218376 -0.078059494 -0.810785532 0.054719530 -0.093417466 0.575244129
1757624932766717440.000000 0.361419082 0.305790991 -0.083723813 -0.810047209 0.120900385 -0.165568441 0.549357533
1757624933300039168.000000 0.447404385 0.424039215 -0.082781240 -0.804171026 0.088557586 -0.125931308 0.574114919
1757624933833364992.000000 0.595631003 0.597848415 -0.064488821 -0.794495583 0.017795511 -0.071772560 0.602751195
1757624934366690304.000000 0.645275414 0.733610094 -0.071056806 -0.805682838 -0.006352320 -0.061143275 0.589148700
1757624934900020736.000000 0.583914757 0.891774356 -0.070958495 -0.791277707 -0.037539568 -0.074788004 0.605703890
1757624937899957504.000000 0.336764276 1.361152768 -0.072238617 -0.683381081 -0.448111117 0.283183485 0.501989841
1757624938699924736.000000 0.231904134 1.313004375 -0.069528937 -0.704359710 -0.400252074 0.250070214 0.530226886
1757624939066569728.000000 0.222534180 1.303527236 -0.069461904 -0.701943636 -0.399931133 0.253704488 0.531943858
1757624939500756480.000000 0.250147671 1.305635929 -0.068796977 -0.696650684 -0.404243916 0.257662594 0.533736587
1757624942068567040.000000 0.435659587 1.183772802 -0.065890498 -0.749886870 -0.288790464 0.198799863 0.561024368
1757624943870449664.000000 0.798224986 1.415972352 -0.063019216 -0.770357609 0.029681141 -0.016852280 0.636697829
1757624944303546368.000000 0.818072379 1.515915394 -0.066018015 -0.769204915 0.162071511 -0.135756865 0.603014708
1757624944670029056.000000 0.815343142 1.639005780 -0.059937794 -0.731725574 0.274160832 -0.253658026 0.570150077
1757624945236378880.000000 0.838318884 1.798192620 -0.057895608 -0.684197247 0.379510283 -0.365232199 0.504431844
1757624945802757632.000000 0.989176035 1.864350915 -0.064347818 -0.686734796 0.388957769 -0.337869346 0.512788117
1757624946202656512.000000 1.150544167 1.887498856 -0.059237305 -0.698838651 0.358095616 -0.294311583 0.544768572
1757624946737812224.000000 1.296191096 1.946752191 -0.060268030 -0.702017128 0.376206040 -0.297937840 0.526188135
1757624947105861120.000000 1.363355279 2.016366959 -0.063918471 -0.678642213 0.417055845 -0.346987605 0.495084792
1757624947506075136.000000 1.468294978 2.117140770 -0.061232783 -0.635002375 0.485016882 -0.403222561 0.446029335
1757624947939287552.000000 1.569675088 2.176555634 -0.074373111 0.550496757 -0.594933867 0.459241450 -0.363461614
1757624948339136512.000000 1.670323014 2.168537617 -0.086229965 0.517671704 -0.647861719 0.467255175 -0.306535184
1757624948905496832.000000 1.846927881 2.066421509 -0.078632981 0.513019145 -0.634954214 0.466373622 -0.340793580
1757624949438531072.000000 1.991801500 1.965468287 -0.072165564 0.478997618 -0.663559079 0.484850138 -0.308497995
1757624949971567104.000000 2.109332323 1.929833770 -0.067975551 0.378755182 -0.714685023 0.542611837 -0.226588383
1757624950504615680.000000 2.298507690 1.897806644 -0.061892588 0.324274689 -0.739491343 0.563172996 -0.175598413
1757624951037650432.000000 2.400504827 1.832090855 -0.062861525 0.256105393 -0.770965636 0.571246147 -0.117046162
1757624951570701312.000000 2.451349020 1.672877312 -0.058976017 0.234117404 -0.771186531 0.570665598 -0.157484174
1757624952137048832.000000 2.510622025 1.511815786 -0.057402216 0.217801228 -0.773342073 0.580308974 -0.133214518
1757624952670105600.000000 2.551608562 1.411487937 -0.057000421 0.171916664 -0.795844793 0.572403431 -0.097107671
1757624953136498432.000000 2.654327393 1.299331188 -0.057757013 0.087011687 -0.815114319 0.572585225 -0.012799522
1757624953669551360.000000 2.743063450 1.188774943 -0.053058840 -0.078716628 -0.802843988 0.579936743 0.113660060
1757624955268711424.000000 2.403860092 0.726139903 -0.042254247 -0.234109953 -0.773619652 0.549652576 0.211157113
1757624956202963712.000000 2.260142565 0.408896446 -0.043693922 -0.340143532 -0.717221856 0.519298375 0.316582352
1757624958769686272.000000 1.602782488 -0.328539908 -0.061090127 -0.465370804 -0.641860008 0.454689026 0.405837059
1757624960403556096.000000 0.999461353 -0.455304950 -0.055854864 -0.554279685 -0.532257915 0.411775559 0.489812791
1757624963004609792.000000 0.356565893 -0.190670520 -0.074034609 -0.774562716 -0.180910572 0.094829448 0.598607957
1757624965439461888.000000 0.223584682 -0.160429552 -0.036514364 -0.734018266 -0.074385010 0.017847313 0.674807787
1757624968174981376.000000 0.096589513 -0.055833451 -0.058882061 -0.771899223 -0.015051320 -0.038466539 0.634401619
1757624970841643776.000000 0.157744303 0.768424153 -0.060345627 -0.794417024 -0.021615282 -0.010629092 0.606894970
1757624971374959872.000000 0.236432686 0.896954000 -0.063705392 -0.794605196 0.005704065 -0.010614315 0.607006848
1757624972508270592.000000 0.469927430 1.131894469 -0.049423136 -0.774184048 0.012612425 -0.016947297 0.632607937
1757624973074931456.000000 0.462119371 1.245417953 -0.035266284 -0.752642691 0.092062049 -0.119055212 0.640998781
1757624973641592832.000000 0.398120433 1.404505849 -0.023624532 -0.707259417 0.200188845 -0.224673718 0.639711142
1757624974174908672.000000 0.438532919 1.521794558 -0.031271458 -0.708609045 0.225624248 -0.238512561 0.624562860
1757624974674918656.000000 0.570241809 1.632236719 -0.018978311 -0.685510278 0.233960897 -0.220420778 0.653263092
1757624975208252416.000000 0.679893136 1.774376035 -0.021942314 -0.709408760 0.213677943 -0.204658478 0.639684319
1757624975774912768.000000 0.729494274 1.963349223 -0.037006892 -0.697275281 0.249637946 -0.262832493 0.618390739
1757624976308227328.000000 0.784945309 2.094353914 -0.035677887 -0.639348924 0.364792526 -0.367457747 0.568448961
1757624976874883840.000000 0.916051626 2.142205954 -0.039016768 -0.614580929 0.428696334 -0.399734974 0.527940929
1757624977408204288.000000 1.100502253 2.134344101 -0.033316657 -0.582312942 0.440701425 -0.415860802 0.541990519
1757624977941535744.000000 1.246566653 2.168589830 -0.030698562 -0.572937727 0.480788082 -0.437309682 0.499345124
1757624978474860288.000000 1.401316524 2.286501169 -0.027045466 0.503365636 -0.535127342 0.530714631 -0.422615290
1757624979008178432.000000 1.535037160 2.349714041 -0.032313459 0.381857425 -0.626496255 0.597547174 -0.323457390
1757624979541504768.000000 1.669574380 2.283413887 -0.042350277 0.391150624 -0.642629206 0.571043611 -0.328539371
1757624980074834688.000000 1.838460922 2.139578581 -0.037675008 0.409026563 -0.625289500 0.561727703 -0.355207473
1757624980608163328.000000 1.957830667 2.034785271 -0.047700614 0.411921084 -0.655352354 0.547904849 -0.317229509
1757624981174813440.000000 2.119803905 2.027798653 -0.047693927 0.343665779 -0.682637393 0.601963162 -0.231387973
1757624981675427328.000000 2.294808626 2.032271624 -0.044098426 0.300499916 -0.699408054 0.620805740 -0.187425941
1757624982176222464.000000 2.393269539 1.978466630 -0.042244241 0.279461056 -0.711874664 0.621545911 -0.169755071
1757624982676431616.000000 2.510820866 1.853719950 -0.039809834 0.292170316 -0.697349727 0.614294410 -0.225792751
1757624983176563712.000000 2.580150127 1.746935010 -0.032508954 0.272124350 -0.701591551 0.621926427 -0.216622248
1757624983676689664.000000 2.640282631 1.661157846 -0.039147370 0.166402251 -0.754254937 0.621093810 -0.132862300
1757624984176815104.000000 2.788282633 1.590881944 -0.029719679 0.078070208 -0.761310697 0.642548382 -0.037982993
1757624985177044992.000000 2.947713852 1.419481158 -0.035154648 -0.053160284 -0.782865465 0.611545026 0.101530470
1757624986710767360.000000 2.793826103 1.002728105 -0.033683173 -0.176470593 -0.765984893 0.601039946 0.144486040
1757624987244230144.000000 2.796234608 0.882215261 -0.022476126 -0.292030096 -0.724181056 0.574041903 0.246487781
1757624987744339200.000000 2.745061636 0.760831237 -0.032654241 -0.339350790 -0.719135344 0.532499909 0.290050596
1757624988277789696.000000 2.572516680 0.657288253 -0.026448604 -0.299687326 -0.713878453 0.584754467 0.242131040
1757624989278042624.000000 2.347308397 0.410600334 -0.045066785 -0.316195965 -0.711876929 0.552897811 0.295897722
1757624992245368832.000000 1.632188201 -0.359971762 -0.041034147 -0.505290806 -0.571261406 0.469006449 0.445392728
1757624994512616960.000000 0.898317158 -0.526186943 -0.054184124 -0.591675341 -0.455226153 0.390996188 0.538341343
1757624997346615808.000000 0.176748917 -0.202133358 -0.078770094 -0.770183325 -0.134955779 0.066005781 0.619877338
1757624999847225600.000000 0.100716561 0.452042818 -0.051913403 -0.768639147 -0.045118835 -0.005403487 0.638066649
1757625000380689664.000000 0.083761938 0.618398786 -0.049999490 -0.770492435 0.052824069 -0.091901019 0.628574073
1757625000880814848.000000 0.059507299 0.772457957 -0.057923481 -0.772161245 0.095866598 -0.128682047 0.614831388
1757625001380940032.000000 0.108751133 0.891713798 -0.063015744 -0.779378951 0.129856855 -0.151433736 0.593947351
1757625001881063424.000000 0.237982467 1.022742748 -0.055032048 -0.770536780 0.132459208 -0.129343674 0.609916389
1757625002381188096.000000 0.342644811 1.160670161 -0.060422830 -0.781959713 0.113645256 -0.116638936 0.601680338
1757625002881314816.000000 0.382834852 1.294820786 -0.063636974 -0.778175831 0.154273093 -0.159104571 0.587646186
1757625003381436928.000000 0.379787415 1.480377674 -0.052994534 -0.749124229 0.210474789 -0.236283526 0.581965029
1757625003881544960.000000 0.464913845 1.603348732 -0.064375408 -0.732936978 0.305645525 -0.300250947 0.528425574
1757625004381655552.000000 0.614577830 1.723930836 -0.058198996 -0.745637834 0.273174524 -0.254496694 0.551934302
1757625004881773056.000000 0.767019987 1.821735144 -0.059117481 -0.753317237 0.233693227 -0.225180790 0.572008908
1757625005381888768.000000 0.860683799 1.912465215 -0.062541038 -0.740163624 0.278267413 -0.253372580 0.557249904
1757625005881997824.000000 0.937982857 2.082740545 -0.052166589 -0.691601753 0.350722879 -0.337655663 0.533543944
1757625006382107904.000000 1.006491542 2.198235750 -0.057208359 -0.657310426 0.423748314 -0.385512948 0.489653200
1757625006882223872.000000 1.109498382 2.221622944 -0.063770428 -0.657513499 0.435565859 -0.385598063 0.478824139
1757625007415679232.000000 1.309116364 2.184191704 -0.055897094 -0.638498008 0.440569371 -0.378251433 0.505118728
1757625007915791360.000000 1.445061088 2.185324192 -0.057845581 -0.636059046 0.461022288 -0.385398537 0.484102666
1757625008415903488.000000 1.563575864 2.224550962 -0.053194664 -0.543624341 0.540366232 -0.487155676 0.418516666
1757625008916021504.000000 1.713597536 2.299210072 -0.048585478 0.471512377 -0.585665405 0.551681042 -0.360998958
1757625009449952000.000000 1.830335498 2.296022415 -0.056910701 0.450816214 -0.631858885 0.546533465 -0.314356834
1757625009951326464.000000 1.929018974 2.200341463 -0.054203887 0.459799290 -0.620448351 0.526430786 -0.355667144
1757625010452207104.000000 2.053120613 2.052482367 -0.043342426 0.450844020 -0.610626876 0.532962084 -0.373933196
1757625011018872064.000000 2.176834106 1.958008885 -0.053847145 0.419759184 -0.657911956 0.535480142 -0.322823673
1757625011585531136.000000 2.354084015 1.924030542 -0.047612980 0.299337149 -0.700256050 0.616198123 -0.200844735
1757625012118849280.000000 2.507849216 1.898299336 -0.032595925 0.235811561 -0.706535041 0.649253786 -0.153852955
1757625012652178176.000000 2.580756426 1.820888877 -0.040990546 0.185346887 -0.746604085 0.632972002 -0.087036639
1757625013185498624.000000 2.597637177 1.671588778 -0.031425714 0.192293122 -0.741109610 0.621941686 -0.164221257
1757625013685498624.000000 2.600669622 1.526531100 -0.032548051 0.162905246 -0.739832878 0.634202003 -0.154586598
1757625014218819328.000000 2.637322903 1.401855826 -0.035282359 0.087361075 -0.772346258 0.624199450 -0.078894064
1757625014718821888.000000 2.738213778 1.271751761 -0.024205890 0.032458331 -0.771570921 0.635295689 0.004926609
1757625015285480448.000000 2.822663784 1.169469595 -0.023152415 -0.048234180 -0.767489076 0.635059893 0.073026061
1757625015785486336.000000 2.808130503 1.061639547 -0.035986468 -0.055108901 -0.777639806 0.621244907 0.079336107
1757625016352148992.000000 2.693044662 0.912918448 -0.029356707 -0.065371543 -0.762012601 0.641177297 0.062888257
1757625016852152576.000000 2.609789610 0.819882214 -0.029118096 -0.107049912 -0.759908974 0.633138716 0.101064965
1757625017385484032.000000 2.577615023 0.697030962 -0.033264436 -0.185363591 -0.751278043 0.605965316 0.184466064
1757625017885484032.000000 2.584867239 0.519366324 -0.026749229 -0.188930914 -0.734997749 0.612686753 0.220677212
1757625018252141056.000000 2.573679209 0.423225462 -0.032002807 -0.205378354 -0.733643353 0.606330097 0.227927700
1757625018818802176.000000 2.523090839 0.283845842 -0.040167339 -0.159690365 -0.759663761 0.597281814 0.201654240
1757625019385455104.000000 2.384987593 0.140201256 -0.029339537 -0.144847691 -0.747991383 0.622223079 0.179907233
1757625019918792448.000000 2.233314037 0.066957191 -0.039946608 -0.244327828 -0.723635972 0.606811345 0.220079556
1757625020452122368.000000 2.159813404 -0.014110317 -0.047890458 -0.344684184 -0.692013144 0.564130485 0.289943933
1757625020985453312.000000 2.087485075 -0.202555507 -0.037466824 -0.405615419 -0.641525209 0.530246258 0.377836615
1757625021518784512.000000 1.992378235 -0.379010648 -0.055424120 -0.440693527 -0.644171476 0.478666633 0.402132481
1757625022085448960.000000 1.871234179 -0.497681499 -0.066507630 -0.394300073 -0.673772335 0.502208352 0.371947676
1757625022585440512.000000 1.717458129 -0.575703084 -0.054629497 -0.336611301 -0.678596854 0.572468638 0.313813359
1757625023118752000.000000 1.592299342 -0.631979227 -0.065468550 -0.393694669 -0.672513366 0.524611950 0.342801154
1757625023652071168.000000 1.481034517 -0.693510950 -0.063020840 -0.471398294 -0.610472023 0.476422518 0.422053576
1757625024152049664.000000 1.351341367 -0.785592735 -0.062065952 -0.542752206 -0.539771914 0.433259130 0.475765616
1757625024685368576.000000 1.230857968 -0.823451102 -0.061981626 -0.589783311 -0.505511105 0.381634325 0.500968575
1757625025185344000.000000 1.029507875 -0.794275582 -0.060874104 -0.591212749 -0.516281426 0.403172165 0.470503241
