1762962133879005440.000000 -0.012309331 -0.145258725 -0.087832473 -0.722468972 -0.193516254 -0.005213923 0.663749158
1762962134478908928.000000 -0.017532026 -0.144315958 -0.091394357 -0.722744286 -0.202228218 0.002073254 0.660863221
1762962135612060672.000000 -0.005814294 -0.129358560 -0.076736964 -0.756781995 -0.175160989 0.068861507 0.625985503
1762962135878680832.000000 0.007593329 -0.145678163 -0.052758887 -0.761880040 -0.155896917 0.084987924 0.622906148
1762962136445261312.000000 0.023964979 -0.136426196 -0.039644934 -0.768743575 -0.121520884 0.048484784 0.626031399
1762962136778535680.000000 0.106510028 -0.092278846 -0.033883605 -0.762996137 -0.076237954 0.058808293 0.639191806
1762962136945168384.000000 0.161155626 -0.067610450 -0.022488769 -0.756206751 -0.060187627 0.076783746 0.647018671
1762962137078479360.000000 0.209305272 -0.058474369 0.004167483 -0.744299173 -0.060721330 0.114062503 0.655226231
1762962137678389504.000000 0.217471942 -0.029980099 0.415119857 -0.754208148 -0.100420773 0.219185010 0.610773087
1762962138211636480.000000 0.027678341 -0.113086730 0.720007241 -0.726345062 -0.223183170 0.285793990 0.583895564
1762962138478268672.000000 -0.068785474 -0.209301025 0.739164889 -0.691893399 -0.197324440 0.291892141 0.630194843
1762962138678239744.000000 -0.132601053 -0.240864202 0.746207356 -0.674189329 -0.204591274 0.290605724 0.647425294
1762962140044700928.000000 -0.567392468 -0.171675146 0.729315579 -0.546134830 -0.431457520 0.456397623 0.554330528
1762962140278016512.000000 -0.569423139 -0.236880437 0.733131647 -0.546813905 -0.426498413 0.438298702 0.571828544
1762962140777963264.000000 -0.519071162 -0.287039876 0.724418402 -0.621308386 -0.336276114 0.357883424 0.610584736
1762962141278237184.000000 -0.406763226 -0.205867246 0.732035160 -0.669535518 -0.154614434 0.209193870 0.695740342
1762962141511874560.000000 -0.274036646 -0.167966202 0.733681679 -0.653929949 -0.050527014 0.110118814 0.746790826
1762962141745535744.000000 -0.168772668 -0.113807969 0.740933180 -0.663073421 0.040499095 0.023983316 0.747073233
1762962142012603904.000000 -0.119749516 -0.038303331 0.735844254 -0.679538131 0.103183828 -0.066635780 0.723284662
1762962142279893760.000000 -0.091805920 0.045634456 0.718179882 -0.675934732 0.199803591 -0.171676129 0.688271821
1762962142547260160.000000 -0.093593776 0.149502650 0.729816437 -0.600922525 0.281137675 -0.312175244 0.680000246
1762962142714378752.000000 -0.088106051 0.218685463 0.734785438 -0.545916021 0.326868236 -0.399199605 0.660130739
1762962142914937856.000000 -0.043624379 0.277073920 0.740216315 -0.509992182 0.352215707 -0.437683105 0.651372135
1762962143415542016.000000 0.234453663 0.437070400 0.743674934 -0.494140655 0.308630377 -0.409616172 0.701987803
1762962143682398208.000000 0.348902106 0.555698156 0.759766936 -0.492708266 0.263168752 -0.416866034 0.717079878
1762962143982628608.000000 0.488643646 0.748679280 0.732496262 -0.528291941 0.245332673 -0.415921599 0.698375821
1762962144282684160.000000 0.676008284 0.961614132 0.749535024 -0.544362903 0.311770260 -0.445462614 0.638773322
1762962144549355008.000000 0.841155171 1.040176630 0.755151033 -0.510418594 0.364118010 -0.456323564 0.631395042
1762962144782689792.000000 1.014122486 1.080554843 0.736031413 -0.478434950 0.390902251 -0.454257697 0.641829789
1762962145116021760.000000 1.250633478 1.172625422 0.758612514 -0.505934775 0.363151670 -0.420266956 0.659944415
1762962145416025856.000000 1.424299002 1.295870900 0.740630567 -0.535286665 0.341721535 -0.450705498 0.627342999
1762962145682692096.000000 1.610002875 1.392508626 0.731520653 -0.511831760 0.372500628 -0.483835220 0.604297221
1762962145982685952.000000 1.807338238 1.420739889 0.737593770 -0.474293053 0.433401346 -0.498230636 0.582216203
1762962146249355264.000000 1.983080626 1.396551847 0.721444011 -0.463189870 0.445537746 -0.471617907 0.603761494
1762962146516025088.000000 2.160076857 1.366710544 0.741266549 -0.499452651 0.396289438 -0.425408214 0.642284572
1762962146816022784.000000 2.246175051 1.362802148 0.749190152 -0.538806617 0.340744346 -0.353212416 0.684705615
1762962147049352448.000000 2.188231468 1.362430811 0.742474139 -0.557701528 0.339052469 -0.339952439 0.677085578
1762962147582680576.000000 1.844612956 1.313153267 0.744199395 -0.512795269 0.341208339 -0.485747755 0.620215356
1762962147882670848.000000 1.668918967 1.174696088 0.735868752 -0.489625722 0.337803900 -0.490857005 0.636564732
1762962148182663424.000000 1.550921559 0.967257440 0.733427584 -0.485402644 0.445056528 -0.432099670 0.616115868
1762962148449328384.000000 1.381474495 0.868677676 0.741875648 -0.473397017 0.466182172 -0.449154645 0.597352207
1762962148982643456.000000 1.019266605 0.882445037 0.751406431 -0.552130401 0.399275303 -0.458893597 0.570217431
1762962149515963904.000000 0.689027965 0.758687556 0.729650497 -0.650745511 0.234217390 -0.286783755 0.662893355
1762962149749287680.000000 0.557884276 0.710738003 0.745758235 -0.681307018 0.155150086 -0.179999068 0.692350745
1762962150015937792.000000 0.356411904 0.669069827 0.753801763 -0.674737215 0.066695385 -0.112238906 0.726418555
1762962151149211904.000000 -0.401747495 0.660019338 0.761347055 -0.438372672 -0.439973682 0.567113519 0.540957332
1762962151415878656.000000 -0.652728975 0.688667297 0.757646024 0.365183085 0.506571949 -0.642817557 -0.443634689
1762962154182505984.000000 -2.012882233 0.134775683 0.768134475 0.292275667 0.521290362 -0.727265835 -0.337514073
1762962154915813632.000000 -1.916319489 0.169197321 0.765150309 -0.067377046 0.587551475 -0.806044519 -0.023145467
1762962155082472448.000000 -1.811006069 0.166098520 0.761564195 -0.076248258 0.587601960 -0.805299044 0.020092422
1762962155349133056.000000 -1.646034718 0.147047624 0.760739446 -0.180919364 0.580742717 -0.781478941 0.138912842
1762962155482462208.000000 -1.575325847 0.110996984 0.757890284 -0.235760614 0.575624883 -0.754262745 0.210144669
1762962155782447360.000000 -1.383336306 -0.066231072 0.729801476 -0.325528204 0.583820939 -0.655162513 0.352060467
1762962155949103872.000000 -1.276319146 -0.191640586 0.747839510 -0.319028527 0.579497039 -0.624380469 0.415395170
1762962156082430208.000000 -1.196614981 -0.275132954 0.757485151 0.300970912 -0.594418228 0.591186523 -0.454513013
1762962156582429184.000000 -0.891041756 -0.412101567 0.739709914 -0.243855044 0.612492263 -0.628020465 0.413495272
1762962156849090048.000000 -0.726332545 -0.515801966 0.752708316 0.141023919 -0.675403893 0.672334194 -0.268157691
1762962157115886080.000000 -0.643758774 -0.658113122 0.738887548 -0.033549465 0.697478294 -0.702981174 0.134966359
1762962157416617728.000000 -0.544330835 -0.855579793 0.751715839 -0.007340138 0.669061840 -0.742370963 0.034464739
1762962157650545152.000000 -0.409542561 -0.975824952 0.775088727 -0.081238329 0.643050790 -0.760786653 0.033011012
1762962157984763136.000000 -0.139564335 -1.076191664 0.733142018 -0.248928666 0.573312223 -0.776071191 0.084030755
1762962158185103360.000000 0.038441744 -1.120167375 0.737337649 -0.334356040 0.524322271 -0.774227858 0.117743067
1762962158452077568.000000 0.188368917 -1.181871176 0.746394575 -0.412417859 0.466648638 -0.755459070 0.203549057
1762962158652326912.000000 0.284102708 -1.266355753 0.733477235 -0.456546962 0.432895213 -0.715574384 0.303512782
1762962158885969664.000000 0.417261153 -1.406942368 0.749918938 -0.493535787 0.386743695 -0.641987145 0.441253155
1762962159152883456.000000 0.586454749 -1.490599871 0.769981861 -0.544493556 0.289595068 -0.562766671 0.550413609
1762962159386216448.000000 0.729947865 -1.441800237 0.734578609 -0.597889006 0.174496621 -0.534104228 0.571675122
1762962159519547904.000000 0.810595214 -1.385356545 0.710041404 -0.611831665 0.107301958 -0.541244924 0.566747069
1762962159652877056.000000 0.899658561 -1.320467949 0.707782090 -0.617937386 0.058456995 -0.559024334 0.549752653
1762962160019529984.000000 1.149070859 -1.266861558 0.736789763 -0.599924505 0.057415713 -0.557289541 0.571158767
1762962160319526656.000000 1.361870408 -1.270949006 0.747002959 -0.602535009 0.023915013 -0.466958642 0.646783769
1762962160552855296.000000 1.481792569 -1.226096630 0.760192275 -0.600972176 -0.056012210 -0.374926060 0.703651607
1762962160719517184.000000 1.525336027 -1.167461514 0.756434143 -0.602206469 -0.128597364 -0.275351286 0.738235593
1762962160886177792.000000 1.551212192 -1.079963207 0.739312887 -0.601047695 -0.159605831 -0.207902759 0.755012631
1762962161286168064.000000 1.599676609 -0.807655334 0.785309792 -0.577331424 -0.049415566 -0.211565644 0.787074625
1762962161686159360.000000 1.780564904 -0.591712892 0.783424437 -0.559476554 0.177180618 -0.162073895 0.793300211
1762962161886150912.000000 1.910798669 -0.462537408 0.779065371 -0.544483125 0.274363697 -0.085476778 0.788007796
1762962162186143744.000000 2.001252890 -0.261739492 0.779240370 -0.525323033 0.289304912 0.036480080 0.799379528
1762962162419475200.000000 2.016596317 -0.105246693 0.736648083 -0.510429025 0.345232069 0.071805559 0.784296453
1762962162686137344.000000 1.995763898 0.128347889 0.720895231 -0.551060557 0.397642553 0.054715060 0.731586635
1762962162886130432.000000 1.977280498 0.275880545 0.732353508 -0.571449876 0.412971169 0.028112669 0.708596945
1762962163119457792.000000 1.985365152 0.431189954 0.720421910 -0.580018640 0.424829692 0.024094399 0.694634914
1762962163352792832.000000 2.031721830 0.623847783 0.710855424 -0.609141588 0.413795412 0.054748062 0.674331188
1762962163619457792.000000 2.043323994 0.837228000 0.736697316 -0.646549642 0.342742503 0.108698837 0.672819316
1762962163852786944.000000 1.993058443 0.995878041 0.732550621 -0.671698272 0.290999949 0.176012054 0.658149123
1762962164086113536.000000 1.871377826 1.115020633 0.719776988 -0.682047665 0.234948337 0.188643858 0.666351140
1762962164786098176.000000 1.456456542 1.393002152 0.766194940 -0.692766368 -0.060409021 0.283946902 0.660151303
1762962164986087424.000000 1.346157789 1.513583899 0.758406639 -0.691027582 -0.126867831 0.333008200 0.628880799
1762962165219415552.000000 1.181126237 1.633950830 0.777062654 -0.669585049 -0.253949434 0.375082016 0.588624835
1762962165419411968.000000 1.027880073 1.667794704 0.775851607 -0.635841489 -0.380149603 0.402351081 0.537871242
1762962165852729088.000000 0.679924846 1.617701650 0.725086927 -0.548018754 -0.560890257 0.396504134 0.477348894
1762962166052718080.000000 0.535419464 1.586362720 0.727871358 -0.531035483 -0.585897565 0.376646608 0.482558548
1762962166286050048.000000 0.404404610 1.582460403 0.727617741 -0.518772066 -0.594545484 0.368975639 0.491170347
1762962166986027008.000000 -0.021665199 1.625233531 0.744979978 -0.360172302 -0.668164194 0.529798210 0.378346920
1762962167286022912.000000 -0.120309129 1.489112735 0.713445127 -0.197844580 -0.724262834 0.619917214 0.228043050
1762962167519354368.000000 -0.180594847 1.378120184 0.678598821 -0.075311653 -0.725372255 0.672226012 0.127575532
1762962168052668672.000000 -0.347223312 1.170550346 0.702499151 -0.066731766 -0.750452518 0.645515144 0.125212595
1762962168186002432.000000 -0.431714654 1.119356155 0.668778837 -0.063954920 -0.746255159 0.634744108 0.190034077
1762962168419334912.000000 -0.509004116 1.017944574 0.688443303 -0.075762145 -0.709435523 0.610318184 0.344199210
1762962168652663296.000000 -0.589661002 0.913281560 0.690568328 -0.049113743 -0.673131347 0.586428761 0.447865367
1762962168919320320.000000 -0.656815886 0.825810790 0.712633073 -0.041540831 -0.623356164 0.608362734 0.489485711
1762962169185985024.000000 -0.658665538 0.739000916 0.718634903 0.115915224 0.527507484 -0.678647995 -0.497731388
1762962169419323136.000000 -0.631678700 0.637414575 0.744590998 0.165917054 0.495905459 -0.719211936 -0.457475245
1762962170419327488.000000 -0.945748210 0.028224761 0.740686297 0.010839530 -0.732870400 0.663615465 -0.149660245
1762962170685992704.000000 -0.938645005 -0.107902646 0.739370704 0.021821046 -0.737053931 0.624476612 -0.257496238
1762962171152648448.000000 -0.845933616 -0.179949880 0.765224457 0.051745865 0.640207469 -0.758421659 0.110694543
1762962171485977344.000000 -0.797449708 -0.224365994 0.775483012 0.078521885 0.608070493 -0.789785147 0.017999696
1762962173052561152.000000 -0.947988689 -0.480778068 0.600237370 -0.700279176 -0.537530959 0.218826294 0.415673673
1762962173453090048.000000 -0.945078552 -0.294687599 0.591905892 -0.842572510 -0.290374368 0.099731475 0.442502022
1762962173820321280.000000 -0.774136543 -0.150173724 0.648951471 -0.849861979 -0.035666537 0.028895870 0.525002480
1762962174154082816.000000 -0.624217987 -0.112999424 0.681985199 -0.771793723 0.024958180 0.061892122 0.632361352
1762962174554169344.000000 -0.705921650 -0.110940322 0.751095593 -0.608721197 0.048906084 0.031448875 0.791250706
1762962174987596288.000000 -0.823622465 0.010117691 0.745018482 -0.470617205 0.092511036 -0.124346800 0.868619144
1762962175355004672.000000 -0.860004961 0.167947114 0.730948329 -0.393248290 0.143796146 -0.267881721 0.867708325
1762962175889834752.000000 -0.688625097 0.490820408 0.747800112 -0.402577251 0.180082560 -0.292551100 0.848478496
1762962176357068544.000000 -0.580783427 0.820312738 0.756286800 -0.497138798 0.148062110 -0.243402407 0.819564402
1762962176757059840.000000 -0.509357512 1.085847497 0.762659788 -0.465915859 0.206008390 -0.312559336 0.801741660
1762962177190379776.000000 -0.318969667 1.239394307 0.748447180 -0.428301156 0.273958355 -0.358018517 0.783152521
1762962177657041920.000000 -0.023239000 1.332083702 0.765142739 -0.400453299 0.301758617 -0.373434812 0.780464888
1762962178190361856.000000 0.262835592 1.506271243 0.756387055 -0.406778336 0.332591414 -0.487156272 0.697562277
1762962178657029632.000000 0.536161661 1.557554245 0.759353161 -0.362898380 0.447420895 -0.611429036 0.542470157
1762962179190355968.000000 0.830488563 1.335654020 0.768966198 -0.377316147 0.486843169 -0.579424202 0.533745229
1762962179657033216.000000 1.103947043 1.221578717 0.741137862 0.502494812 -0.548675299 0.520690024 -0.418731779
1762962180190369280.000000 1.423699856 1.088614106 0.682619095 -0.586727500 0.546782792 -0.442781091 0.400904506
1762962180690374656.000000 1.515426040 0.940379620 0.690114439 -0.631659508 0.449533075 -0.401091963 0.487905324
1762962181157038336.000000 1.458444357 0.743070602 0.710332036 -0.666034043 0.304150671 -0.248006374 0.634337366
1762962181623716864.000000 1.202333927 0.663798332 0.733228207 -0.674184859 0.069395982 -0.064644665 0.732447982
1762962182157053184.000000 0.851665974 0.557518363 0.741064847 -0.647779763 -0.163438872 0.150953069 0.728616774
1762962182623731456.000000 0.600081921 0.578559279 0.747142494 -0.558496535 -0.344623774 0.342744172 0.672192335
1762962184057035776.000000 -0.189325154 0.479719400 0.757636666 0.153258726 0.619662821 -0.760694265 -0.117788196
1762962184490373888.000000 -0.470967710 0.591571271 0.779819369 0.078126200 0.561990678 -0.821511149 -0.056411568
1762962184957035776.000000 -0.694513083 0.563694835 0.769920766 0.046169467 0.584006786 -0.807769775 -0.065668494
1762962185390373120.000000 -0.919846058 0.527116776 0.741504908 0.236557275 0.573071420 -0.719597936 -0.312743753
1762962187223702528.000000 -1.262315750 1.312833071 0.757432640 -0.659006655 0.121756688 -0.120025784 0.732447565
1762962187723707392.000000 -0.963061690 1.314418793 0.752746880 -0.589919806 0.304120123 -0.258349597 0.701969445
1762962188257038080.000000 -0.716245711 1.372259498 0.748354614 -0.522591352 0.442849427 -0.459672809 0.565228820
1762962188757031680.000000 -0.436136842 1.483713865 0.736968279 -0.482187212 0.477346629 -0.556463540 0.479566604
1762962189323681792.000000 -0.087922186 1.323302984 0.730157971 -0.426031262 0.543443143 -0.512625515 0.510276437
1762962189856991488.000000 0.222431973 1.247486472 0.750640035 -0.437722772 0.535364568 -0.547611058 0.471068710
1762962190356966144.000000 0.550647557 1.270043969 0.750355482 -0.398359299 0.560020864 -0.620779812 0.377251804
1762962190856935424.000000 0.778183699 1.082313538 0.742921293 0.265654117 -0.643207908 0.642772317 -0.320242643
1762962191323890432.000000 0.951167762 0.795864522 0.764686584 -0.046821259 0.694316387 -0.707387269 0.123838052
1762962192325104384.000000 1.251673102 0.348288059 0.748673201 0.322550625 0.594269216 -0.666058958 -0.314913779
1762962192791869440.000000 1.144972563 0.075858720 0.756610930 0.412332147 0.547476530 -0.644714057 -0.338519633
1762962193325312512.000000 1.107189298 -0.264761895 0.742845118 0.414124012 0.533834577 -0.655861378 -0.336701453
1762962193825411840.000000 1.002956271 -0.510319352 0.741366148 0.525776982 0.443250448 -0.570078731 -0.449553072
1762962194325522944.000000 0.712564707 -0.662953258 0.732881248 -0.583807588 -0.393997192 0.528892815 0.473505437
1762962194858990080.000000 0.485992253 -0.890123904 0.722907543 -0.577772677 -0.363710314 0.490437388 0.541631520
1762962195392454656.000000 0.227255225 -1.007359624 0.723824739 -0.618763566 -0.316099316 0.419511616 0.584142864
1762962195925916928.000000 -0.044863164 -0.870982409 0.718807578 -0.670972466 -0.239605367 0.365521491 0.598981977
1762962196959506176.000000 -0.658900738 -0.688052952 0.698955953 -0.652175784 -0.397634983 0.284781575 0.579182744
1762962197459697664.000000 -0.763961971 -0.376812428 0.695263147 -0.659908652 -0.378973275 0.295995474 0.577309847
1762962197993284608.000000 -0.888892651 -0.182983816 0.700836003 -0.593685985 -0.462216944 0.345356494 0.560911179
1762962199526979840.000000 -0.978362203 0.163885787 0.736288726 -0.076177076 -0.714685380 0.682761967 0.131369993
1762962200060426496.000000 -0.667483926 0.197338685 0.738730073 -0.136937946 0.697706223 -0.702594697 0.028543295
1762962200560538624.000000 -0.417291284 0.158198863 0.705898762 0.391219109 -0.669462264 0.587387502 -0.231827274
1762962201027310592.000000 -0.242606714 0.081634216 0.718246162 -0.560664654 0.536753774 -0.453319043 0.438237995
1762962201527416832.000000 -0.102849737 0.206373021 0.716486633 -0.652226329 0.336871028 -0.340055704 0.587776244
1762962202027520512.000000 -0.123715907 0.485062957 0.732420325 -0.664004564 0.141525999 -0.333373725 0.654163897
1762962202527613184.000000 -0.088432372 0.666866541 0.715111136 -0.684704244 -0.045743257 -0.076047421 0.723397911
1762962204627991808.000000 -0.812718272 1.148499608 0.766898096 -0.479540676 -0.316447139 0.467513114 0.671813607
1762962206194961920.000000 -1.035386086 0.992928803 0.759555399 -0.562910974 0.090441383 -0.102619573 0.815120161
1762962206728385792.000000 -0.764528751 1.001406908 0.752117634 -0.539974511 0.258111149 -0.216118276 0.771426618
1762962207228473344.000000 -0.622992158 1.078987598 0.748389363 -0.485597283 0.391978323 -0.413777292 0.662824810
1762962207728582656.000000 -0.463266313 1.205575228 0.741714895 -0.371661067 0.511911154 -0.620554864 0.463386178
1762962208228689408.000000 -0.325411558 1.034169912 0.722218394 -0.231832236 0.572124422 -0.682392180 0.391495079
1762962208728789248.000000 -0.107417651 0.808270991 0.747558951 -0.207308128 0.614507258 -0.685224712 0.331468433
1762962209228889856.000000 0.156592891 0.658755541 0.745472014 -0.143617585 0.631072104 -0.741079211 0.178671747
1762962209729001728.000000 0.286121279 0.447343796 0.746568263 -0.042247098 0.659831166 -0.749678373 0.028642796
1762962210262451712.000000 0.209603727 0.099750787 0.759178996 0.030312823 0.651314318 -0.755115449 0.068348467
1762962210762560256.000000 0.335621566 -0.186101228 0.761177003 0.002880654 0.645752668 -0.763325512 0.018149354
1762962211296007168.000000 0.329832196 -0.456255376 0.764093995 0.173802674 0.640128911 -0.725712538 -0.182671770
1762962212829650688.000000 -0.053422995 -0.770967841 0.766264498 -0.108325794 0.520758033 -0.825367928 0.189326435
1762962213329777152.000000 -0.099681236 -0.852889597 0.785266519 -0.318141937 0.557774901 -0.628356218 0.439137161
1762962213863299328.000000 -0.177787364 -0.575041711 0.770644784 -0.478633761 0.391904593 -0.518009543 0.590750992
1762962214396798464.000000 -0.231411397 -0.226703599 0.736315072 -0.626838565 0.149704874 -0.331537724 0.689017177
1762962214896920320.000000 -0.120578520 0.058375530 0.717528045 -0.657884300 0.016597178 -0.064874053 0.750136077
1762962215963859456.000000 -0.271840930 0.702699780 0.735933661 -0.654621005 -0.109617129 0.015477588 0.747807443
1762962218664478208.000000 -0.207256973 2.044614315 0.769149542 -0.493475497 -0.202336252 0.366706222 0.762278438
1762962219164594432.000000 -0.167661056 1.933674812 0.777855933 -0.369198352 -0.260879368 0.595625997 0.663976133
1762962219664712960.000000 -0.227089852 1.691715717 0.752010107 0.254247338 0.399766207 -0.738622606 -0.479564399
1762962220198172928.000000 -0.425900072 1.396853328 0.746725500 0.122211933 0.517337561 -0.833888590 -0.148512468
1762962220698300416.000000 -0.628117681 1.149448514 0.782345235 -0.026534403 0.565833807 -0.820287764 0.079096086
1762962221231769600.000000 -0.607444763 0.808372200 0.778889775 -0.029303897 0.582990587 -0.811887801 0.010073623
1762962222265359616.000000 -0.783035398 0.183683738 0.775057554 -0.072662212 0.597651601 -0.785516798 0.143164530
1762962222765467136.000000 -0.696706355 -0.082893595 0.752504289 -0.181850210 0.575655341 -0.776691198 0.179728255
1762962223298919168.000000 -0.580866158 -0.376255989 0.760081947 -0.216066569 0.591961384 -0.740515292 0.233525380
1762962223799042304.000000 -0.532780051 -0.723046005 0.759206593 -0.262082905 0.580267429 -0.689768851 0.344704628
1762962224299167488.000000 -0.337186635 -0.896845818 0.771085501 -0.418896079 0.486470312 -0.573661268 0.508709610
1762962224799296256.000000 -0.041277200 -0.840354681 0.776254952 -0.468376666 0.447587848 -0.567909420 0.507707894
1762962225299427840.000000 0.233581260 -0.861295402 0.750114143 -0.526655078 0.377042025 -0.479380399 0.592172503
1762962225832906496.000000 0.583452940 -0.878946483 0.761125863 -0.603240073 0.228444338 -0.264305711 0.716977835
1762962226366380800.000000 0.751949012 -0.699246049 0.725945532 -0.627312481 0.203952834 -0.283369273 0.696120799
1762962226866502400.000000 0.934711456 -0.517016113 0.728203952 -0.619555235 0.252186865 -0.334898770 0.663623393
1762962227366627328.000000 1.157120347 -0.400057495 0.746029437 -0.633289695 0.143366039 -0.238826826 0.722047150
1762962227866756352.000000 1.202851295 -0.248390049 0.744784236 -0.553921700 0.161680400 -0.388369471 0.718470216
1762962228400224768.000000 1.054707170 0.073750824 0.765099466 -0.448414832 0.255124509 -0.584375918 0.626370847
1762962228900347136.000000 1.025398850 0.273220420 0.748275876 -0.360086918 0.303526759 -0.675852716 0.566949785
1762962229433812992.000000 1.095303893 0.412691921 0.777029812 -0.366824567 0.392043442 -0.623612821 0.568197906
1762962229933940992.000000 0.977069855 0.566147506 0.758117974 -0.294423491 0.483927846 -0.673030317 0.475561589
1762962230434066944.000000 0.771272480 0.614209354 0.759316444 -0.019618999 0.539864480 -0.821646333 0.181820884
1762962231334291712.000000 0.319206834 0.456079990 0.762033463 0.422984809 0.486438483 -0.676019251 -0.357014656
1762962231834418432.000000 0.148829594 0.303486973 0.753780842 -0.534968734 -0.337876588 0.529641032 0.564914405
1762962232867998464.000000 -0.460616022 0.375360996 0.744285166 -0.607427001 -0.304943770 0.489695042 0.546114028
1762962234435005696.000000 -1.107984066 0.655990839 0.758913934 -0.588686824 -0.127015561 0.393128514 0.694812894
1762962234935094272.000000 -1.258339763 0.845681846 0.738352776 -0.617245793 -0.066623971 0.260841072 0.739277303
1762962235468531712.000000 -1.261494875 1.042193532 0.735257924 -0.612248540 0.303480893 -0.083877787 0.725269377
1762962235968635136.000000 -1.007235408 1.149646997 0.740063488 -0.577204764 0.377547324 -0.189119741 0.698946595
1762962236468743936.000000 -0.750729799 1.186167359 0.733075678 -0.542580724 0.499837309 -0.341373056 0.582437396
1762962237002196736.000000 -0.439510882 1.098568797 0.711780906 0.412968159 -0.663074493 0.526914537 -0.334889084
1762962237502309632.000000 -0.248181954 0.826012313 0.719142318 0.319020957 -0.684146345 0.568917871 -0.326346338
1762962238002422272.000000 -0.036066890 0.604718029 0.744992673 0.343032032 -0.652372241 0.578869760 -0.348782599
1762962238502529024.000000 0.266371608 0.424880981 0.718831062 0.423785597 -0.619660020 0.597977281 -0.280803233
1762962239002631680.000000 0.395068288 0.343864799 0.707709789 -0.616521776 0.498117089 -0.471200168 0.386976182
1762962239536083712.000000 0.174025029 0.217420027 0.742838085 -0.690889776 0.062269524 -0.287446469 0.660430431
1762962240036198144.000000 -0.072963476 -0.028568942 0.762986898 -0.560440361 -0.136938080 -0.106971607 0.809760273
1762962240569639168.000000 -0.269252777 -0.141040027 0.751809120 -0.475347906 -0.270812362 0.218066633 0.808178246
1762962241603192064.000000 -0.637016773 -0.128775865 0.747715950 0.076897129 0.568560421 -0.784816742 -0.234282792
1762962242103312128.000000 -0.583011925 -0.177168354 0.767557681 0.086684279 0.583892703 -0.777737677 -0.216053963
1762962243636994816.000000 0.309022546 -0.370773256 0.745729208 -0.275428116 0.625210941 -0.711500764 0.164369732
1762962244137116160.000000 0.483856767 -0.392137229 0.766063809 -0.317649901 0.580084741 -0.696761370 0.277711868
1762962244670580480.000000 0.184337825 -0.418032587 0.772617996 0.019986136 0.632568121 -0.771174848 0.068901487
1762962245170703616.000000 0.033921085 -0.266597360 0.819887877 0.217414334 0.628583908 -0.743030012 -0.074294962
1762962245670823936.000000 0.004943684 0.181406081 0.735970795 -0.580835760 -0.312176287 0.551175714 0.511254430
1762962246170945024.000000 0.173275352 0.438936174 0.719645500 -0.646195292 -0.064531736 0.370221019 0.664231777
1762962247171182080.000000 0.220400304 0.094287872 0.749905765 -0.540058315 -0.217727110 0.461063504 0.669591248
1762962247704650496.000000 0.142455310 -0.202388033 0.756302714 -0.393883049 -0.369922400 0.578320205 0.611194968
1762962248238120192.000000 -0.027294572 -0.366940588 0.773515582 0.131799191 0.517466068 -0.824937761 -0.185298204
1762962248738248960.000000 0.015122203 -0.594630361 0.758298934 -0.086941026 0.530440390 -0.834892929 0.118440576
1762962249238379264.000000 0.218852490 -0.918931305 0.768241525 -0.047265597 0.582759976 -0.809967935 0.045921084
1762962249738507264.000000 0.248745084 -1.369610429 0.750299811 0.026379161 0.622878909 -0.781504929 0.024000138
1762962250238633984.000000 0.422929585 -1.714739561 0.732463717 -0.006870075 0.646345854 -0.762998641 0.004776770
1762962250738740992.000000 0.509419382 -2.070597649 0.731041551 0.139284208 0.680356324 -0.714883149 -0.081592649
1762962251272191744.000000 0.466091394 -2.488801003 0.712717056 -0.136838198 -0.711551845 0.687121928 0.053223584
1762962251772312320.000000 0.518545032 -2.803799391 0.685224771 -0.174781233 -0.728942513 0.651683271 0.115772985
1762962252305773568.000000 0.491521299 -3.169839382 0.549947143 -0.175136000 -0.759678245 0.611789584 0.133902401
1762962252805889536.000000 0.413156539 -3.364466906 0.324830115 -0.185892820 -0.801990271 0.557108283 0.109022796
1762962580850437632.000000 0.079473376 0.112517364 -0.037155878 -0.911509097 -0.103247285 0.002257104 0.398103237
1762962581150780928.000000 0.078656949 0.007526280 0.345217645 -0.908319890 -0.066145018 -0.089970991 0.403094441
1762962581417765632.000000 0.045179565 -0.088886395 0.554238737 -0.900744021 -0.105638281 -0.186765492 0.377649903
1762962581717930752.000000 0.023743384 -0.207499981 0.664514542 -0.866369247 -0.070675857 -0.218543768 0.443450034
1762962581984642048.000000 -0.005607956 -0.228082836 0.685343266 -0.853881717 -0.075572491 -0.266654879 0.440533876
1762962582251353088.000000 -0.023170641 -0.247870430 0.717582643 -0.817682445 -0.063678183 -0.250134408 0.514561236
1762962582551399936.000000 -0.014088163 -0.301420987 0.716434419 -0.798152328 0.014686090 -0.268309534 0.539209902
1762962583118143232.000000 -0.043121960 -0.459135145 0.728566587 -0.706706524 0.133305967 -0.185850412 0.669518530
1762962583384843008.000000 -0.091660552 -0.476828873 0.731439471 -0.675431371 0.092668720 -0.187066093 0.707256138
1762962583584869632.000000 -0.119432822 -0.489386052 0.732937455 -0.643957973 0.077195950 -0.202686816 0.733673692
1762962583718222848.000000 -0.132306039 -0.495073050 0.735054851 -0.622380197 0.079252958 -0.193152472 0.754356742
1762962583951591936.000000 -0.151858285 -0.498197615 0.733469546 -0.607965350 0.089220613 -0.185316846 0.766860843
1762962584184958720.000000 -0.128420442 -0.466566235 0.724670053 -0.661822259 0.127549395 -0.082966089 0.734056652
1762962584451663360.000000 -0.133736372 -0.423299819 0.727990925 -0.666974962 0.059327461 -0.064065956 0.739946127
1762962584651694336.000000 -0.110668004 -0.383255988 0.731563866 -0.668814003 0.015835000 -0.008933597 0.743207455
1762962584985084416.000000 -0.054620601 -0.326521307 0.744115293 -0.647030175 -0.154747561 0.149949029 0.731382549
1762962585451826176.000000 -0.015200874 -0.274214089 0.743276954 -0.593815029 -0.337633222 0.312455148 0.660120666
1762962585651857408.000000 -0.017312093 -0.262558639 0.742272079 -0.594394326 -0.368254751 0.355008245 0.620526493
1762962586151934464.000000 -0.079390749 -0.329530805 0.739869416 -0.589418232 -0.379736900 0.366037458 0.611884534
1762962586418639616.000000 -0.130196944 -0.376289189 0.736536384 -0.602041483 -0.355215460 0.339944959 0.629130781
1762962587320839680.000000 -0.202265665 -0.425139040 0.733789504 -0.586616576 -0.305287361 0.321695805 0.677637398
1762962587821479680.000000 -0.193226799 -0.303207159 0.732312143 -0.609932125 -0.310891300 0.350641012 0.639046431
1762962588121446912.000000 -0.165527910 -0.220560595 0.742130578 -0.579171956 -0.340975672 0.348843277 0.653149128
1762962588354748160.000000 -0.150950074 -0.164854690 0.744452119 -0.568191648 -0.348982155 0.347966433 0.659006238
1762962588588049408.000000 -0.147413954 -0.135562405 0.745024920 -0.561495423 -0.351065993 0.354261160 0.660283744
1762962589487955712.000000 -0.449249238 0.050016563 0.735838652 -0.638065219 -0.165043339 0.208162189 0.722704709
1762962589787936768.000000 -0.515017390 0.180094808 0.729368508 -0.652126551 -0.040832773 0.092700474 0.751312435
1762962590121246464.000000 -0.535221457 0.392877936 0.724503696 -0.649672568 0.002320211 0.043333992 0.758974552
1762962590421217792.000000 -0.541580081 0.565665305 0.742884755 -0.661358714 0.020284588 0.032324452 0.749098361
1762962590687866368.000000 -0.561047614 0.699928761 0.740680039 -0.662956595 0.029702729 -0.028350873 0.747531056
1762962590954518272.000000 -0.578011870 0.866929352 0.731017768 -0.648988843 0.084317870 -0.111566462 0.747834861
1762962591254495488.000000 -0.539773464 1.061305404 0.751262546 -0.629387140 0.208034679 -0.257614166 0.703013837
1762962591587797760.000000 -0.409786940 1.193965912 0.743085861 -0.604799926 0.316152871 -0.365019113 0.633265734
1762962591854440960.000000 -0.255116701 1.263152599 0.749366522 -0.578663230 0.340140611 -0.373166263 0.640468776
1762962592154407168.000000 -0.088585548 1.363543034 0.767391980 -0.593396485 0.344521612 -0.344144881 0.640897691
1762962592487695104.000000 0.078755796 1.481068254 0.748121977 -0.564182043 0.384255290 -0.406805098 0.607088268
1762962592754344192.000000 0.207833081 1.551796198 0.747532010 -0.493682712 0.436435431 -0.505878866 0.556676030
1762962593087656704.000000 0.390136153 1.599582791 0.751728594 -0.396890908 0.531419933 -0.595956862 0.452665269
1762962593354301440.000000 0.510562539 1.565434933 0.738294601 -0.330918968 0.545085013 -0.641992331 0.425700426
1762962593620944384.000000 0.665849924 1.483497977 0.744640410 -0.300668687 0.540940106 -0.661767244 0.423138678
1762962593854264064.000000 0.804039955 1.421866775 0.751304090 -0.303885937 0.558060467 -0.662353933 0.396874338
1762962594187568384.000000 0.994092643 1.341993093 0.745313823 -0.294444531 0.559412897 -0.700600326 0.330936491
1762962594454205440.000000 1.146956682 1.210929990 0.748817623 -0.210996300 0.603747129 -0.732899845 0.232008472
1762962594720848384.000000 1.256036043 1.082159519 0.770013154 -0.106646165 0.633733034 -0.754977107 0.130455807
1762962594987489792.000000 1.311335921 0.935220182 0.767744780 -0.033486150 0.652444065 -0.754034638 0.068022780
1762962595120808704.000000 1.318652511 0.852435231 0.761686444 -0.004367912 0.647045553 -0.760093391 0.059757680
1762962595554084352.000000 1.296236038 0.558447063 0.767211139 0.103231259 0.664119422 -0.740332484 0.014019329
1762962596054038272.000000 1.347505331 0.262880802 0.751847088 0.132943124 0.636753500 -0.746321917 -0.140978187
1762962596287342336.000000 1.338865399 0.103028476 0.761917055 0.181428790 0.616728067 -0.738201082 -0.204424292
1762962596520642304.000000 1.302484870 -0.051955067 0.762743235 0.249219254 0.601350963 -0.706445634 -0.277851403
1762962596787406080.000000 1.217004418 -0.202692196 0.748713136 0.311514616 0.561590850 -0.672686875 -0.367514342
1762962597254285056.000000 1.009932756 -0.418439299 0.759467959 0.368844718 0.522541225 -0.619242370 -0.455459356
1762962597754430208.000000 0.776032805 -0.600622535 0.735627413 -0.400791198 -0.470966339 0.561341405 0.549957335
1762962598321085696.000000 0.443325788 -0.710084438 0.749153018 -0.491529912 -0.379804134 0.464832723 0.630934000
1762962598454412800.000000 0.359410077 -0.700472116 0.736672759 -0.514747381 -0.359360844 0.451657146 0.633956492
1762962598987724288.000000 0.049864553 -0.622794569 0.745261490 -0.569514930 -0.302544653 0.357961237 0.675265372
1762962600821001216.000000 -0.575202167 0.091461778 0.711237311 -0.665837526 0.010067698 0.009028274 0.745974243
1762962601387640320.000000 -0.698146522 0.413094491 0.728496075 -0.646206915 0.093923733 -0.094675079 0.751419723
1762962601920955136.000000 -0.690123260 0.729015112 0.765096545 -0.614108086 0.244912297 -0.242202684 0.710089564
1762962602487595776.000000 -0.496975243 1.034440041 0.767167926 -0.581246614 0.326057792 -0.302423477 0.681453466
1762962603021605120.000000 -0.398942709 1.354792118 0.760317326 -0.557017088 0.295746952 -0.376807809 0.678440571
1762962603522442752.000000 -0.212978855 1.598218679 0.780034661 -0.491059393 0.388539076 -0.465458810 0.625496805
1762962604055939840.000000 0.097813830 1.680535316 0.779357612 -0.443557382 0.437089801 -0.540387273 0.565854311
1762962604589386240.000000 0.378144234 1.725153804 0.733873785 -0.368373573 0.459894657 -0.631251454 0.504300952
1762962605122830592.000000 0.731910288 1.642839909 0.724092424 -0.258812636 0.563258648 -0.701143682 0.352353990
1762962605622935040.000000 0.908828020 1.346770525 0.738973320 -0.191816688 0.592122555 -0.736438990 0.265056282
1762962606123055104.000000 1.050492406 1.100196362 0.773564339 -0.121945143 0.621338546 -0.759488225 0.149148971
1762962606656518912.000000 1.162660122 0.787575901 0.765606165 0.036308523 0.634828508 -0.771496892 -0.021611098
1762962607156650496.000000 1.146637678 0.515860498 0.754611373 0.132896483 0.631882250 -0.756159604 -0.106236257
1762962607656780288.000000 1.084896803 0.233163267 0.765129745 0.119204834 0.644943893 -0.739926219 -0.149488658
1762962608156896256.000000 1.050775290 -0.036279503 0.748371840 0.128448471 0.633268654 -0.730454326 -0.221152470
1762962608657014272.000000 0.892959476 -0.270460099 0.770659626 -0.305553436 -0.620939434 0.614475727 0.378801942
1762962609190483456.000000 0.659770727 -0.267486632 0.755619884 0.467461765 0.515475094 -0.531971216 -0.482464105
1762962609690613760.000000 0.434653521 -0.261549294 0.767518103 -0.516427159 -0.481059283 0.465988576 0.533610046
1762962610224094720.000000 0.178754687 -0.331386924 0.750999033 -0.496464521 -0.480776072 0.457818449 0.559267104
1762962610757562624.000000 -0.006040454 -0.395041287 0.745033383 -0.431466013 -0.550998390 0.522141635 0.487448424
1762962611791115264.000000 -0.221446320 -0.526560426 0.755138934 -0.067217566 0.669536412 -0.739417613 0.021550041
1762962612291234048.000000 -0.041575409 -0.609719455 0.756003141 -0.182524770 0.602724969 -0.772249877 0.083889887
1762962612791356928.000000 0.119428247 -0.769614518 0.751680553 -0.251759797 0.600387514 -0.734334409 0.192106336
1762962613324826112.000000 0.245768130 -0.978986859 0.773508668 -0.387597293 0.509420812 -0.660931230 0.391699702
1762962613824951296.000000 0.364881307 -0.981294096 0.770145237 -0.529415309 0.384321272 -0.539335907 0.530220211
1762962614358415104.000000 0.493220478 -0.752002239 0.741004109 -0.599538863 0.257167161 -0.410871744 0.636869371
1762962614858542336.000000 0.564826190 -0.529181540 0.718723238 -0.669304729 0.095658779 -0.217243299 0.704049766
1762962615392015104.000000 0.628715873 -0.244880319 0.744136214 -0.667074144 0.004023761 -0.071329273 0.741557896
1762962618026024704.000000 0.225195765 1.169770479 0.739175022 -0.605263948 -0.053703159 -0.016724724 0.794035137
1762962618526143744.000000 0.181164309 1.433497429 0.743375003 -0.631944239 -0.032475997 -0.009176531 0.774278820
1762962619059603456.000000 0.184622169 1.654080391 0.770288169 -0.614338338 0.000169735 -0.069322221 0.785991669
1762962619593062656.000000 0.096691638 1.790120244 0.765373826 -0.603420258 0.155815363 -0.194898173 0.757377326
1762962620126525696.000000 0.009346908 1.942838073 0.770500124 -0.543827951 0.339382231 -0.476880670 0.601378262
1762962620659986944.000000 0.017392933 1.933934808 0.761064291 -0.402901411 0.505630612 -0.662342310 0.378564090
1762962621160105728.000000 0.098620206 1.913733959 0.728911042 -0.309292883 0.579246581 -0.715327919 0.238992348
1762962621660224768.000000 0.281448156 1.860990644 0.743547976 -0.157236204 0.625297666 -0.756563723 0.109046072
1762962622193688832.000000 0.371378869 1.663213730 0.733586967 -0.056463707 0.658737361 -0.750220537 0.006797662
1762962622727152640.000000 0.327549577 1.386491656 0.743630886 -0.053113606 0.655698419 -0.752862215 0.020906065
1762962623260613888.000000 0.434305966 1.104297876 0.733206451 -0.092389591 0.657068670 -0.747722208 0.025225915
1762962623760731392.000000 0.535237789 0.832834780 0.747296929 -0.049729779 0.649842024 -0.757016838 -0.046452247
1762962624294183424.000000 0.528445244 0.506468952 0.746070325 -0.077342711 0.632191122 -0.770843863 0.012339761
1762962624794292736.000000 0.595633984 0.202679425 0.742643714 -0.110895984 0.648592889 -0.750475824 0.061769675
1762962625294398976.000000 0.710921347 -0.074298486 0.749704361 -0.037376504 0.644751012 -0.761615694 -0.053298187
1762962625794508800.000000 0.685647190 -0.323535204 0.746738493 0.025157113 0.647067845 -0.755167782 -0.101941019
1762962626294624000.000000 0.564571083 -0.520301640 0.755020142 0.109828115 0.637468994 -0.746646345 -0.155210540
1762962626828067840.000000 0.376599371 -0.674163878 0.737073720 0.310552984 0.594509006 -0.664902031 -0.328665972
1762962627328158464.000000 0.165939316 -0.726640344 0.741921246 -0.516545415 -0.435669690 0.473430663 0.565010011
1762962627828253440.000000 -0.044786535 -0.577074230 0.736791313 -0.580676198 -0.334399492 0.382643014 0.636063337
1762962628361693184.000000 -0.266889721 -0.418295711 0.732751489 -0.609713256 -0.303625643 0.347020715 0.644699872
1762962628861798912.000000 -0.519128263 -0.299354792 0.729031026 -0.642739236 -0.197865948 0.220935166 0.706344843
1762962629395250688.000000 -0.675737202 -0.074564353 0.711310208 -0.663625598 -0.125251397 0.109645821 0.729308546
1762962629928711424.000000 -0.718504548 0.222581223 0.729915977 -0.662050426 -0.090146475 0.089391395 0.738628507
1762962630462178304.000000 -0.796814919 0.486295998 0.717108130 -0.677504480 0.013990275 -0.030899297 0.734736204
1762962630962297600.000000 -0.862410009 0.725853205 0.745708585 -0.649611413 0.162906691 -0.229675651 0.706197977
1762962631462415616.000000 -0.761297464 0.907543600 0.750405848 -0.633781433 0.241864368 -0.266907990 0.684531152
1762962631962552320.000000 -0.619417727 1.034644842 0.757901430 -0.598781347 0.328423113 -0.367907822 0.631065011
1762962632496039680.000000 -0.430866599 1.169061661 0.742248356 -0.527208090 0.458444387 -0.503856897 0.507945538
1762962632996161280.000000 -0.206389964 1.239752293 0.741872847 -0.442779511 0.528168321 -0.632429779 0.353577733
1762962633496278016.000000 0.063271254 1.067108274 0.750770450 -0.396462142 0.558660448 -0.631927192 0.362469941
1762962634029732096.000000 0.347373962 0.960311949 0.746915638 -0.427195281 0.563058257 -0.579388499 0.405929238
1762962634563184384.000000 0.667657793 0.893626571 0.761009216 -0.350817829 0.599313855 -0.645729423 0.317464024
1762962635063325440.000000 0.908954799 0.741150916 0.755173683 -0.368682325 0.588734090 -0.618977249 0.366514355
1762962635563468288.000000 1.111747503 0.622646928 0.784415245 -0.391446769 0.530646086 -0.633779109 0.404361606
1762962636098195456.000000 1.336824417 0.566916823 0.788632154 -0.386919469 0.516077399 -0.639671266 0.418064803
1762962636599618816.000000 1.526721239 0.560574472 0.770488858 -0.458138824 0.440219373 -0.625339091 0.453063816
1762962637132987392.000000 1.707240224 0.510103166 0.779789209 -0.603779614 0.192700833 -0.370971352 0.678746521
