1762962109772360960.000000 0.077134579 -0.047148578 0.019401167 -0.718754113 0.011569046 -0.004953653 0.695150435
1762962110305857280.000000 0.076786935 -0.047459684 0.019367471 -0.718498647 0.012185459 -0.004703965 0.695405722
1762962110572614656.000000 0.076480135 -0.046597257 0.019890435 -0.718205988 0.012042036 -0.003830890 0.695715904
1762962110839372800.000000 0.073354021 -0.035106361 0.029068792 -0.754183531 0.030844053 -0.016109789 0.655741096
1762962111106114304.000000 0.077845767 -0.003390878 0.052111860 -0.844557047 0.134346843 -0.038406704 0.516913295
1762962111372844288.000000 0.050352685 0.008007850 0.131703332 -0.860639453 0.112627745 -0.027932789 0.495817184
1762962111639573760.000000 0.041812554 -0.015211098 0.288041502 -0.852328241 0.130874127 0.018748995 0.506020784
1762962111939645440.000000 0.026664363 -0.049111828 0.558308125 -0.867673159 0.118881993 0.055942480 0.479458809
1762962112206370048.000000 0.028815318 -0.059866872 0.847801983 -0.884521246 0.109394856 0.060888663 0.449385822
1762962112406414080.000000 0.030106809 -0.070371583 1.122726917 -0.876650453 0.106280282 0.066342279 0.464529067
1762962112506435072.000000 0.024190405 -0.083310112 1.253725529 -0.877061129 0.098549664 0.078259639 0.463602543
1762962112639798016.000000 0.006604182 -0.096143126 1.388739228 -0.891977370 0.083799735 0.099043928 0.433063865
1762962112773160704.000000 -0.022529181 -0.102699064 1.481559515 -0.894367754 0.095465921 0.108746134 0.423280954
1762962112906522368.000000 -0.064747617 -0.131544471 1.559358716 -0.874736369 0.079827823 0.109519415 0.465262741
1762962113039885056.000000 -0.099998899 -0.177189827 1.614733338 -0.862844706 0.070528053 0.113417640 0.487505257
1762962113940079360.000000 -0.212498397 -0.346201301 1.684904814 -0.786567986 -0.014601567 0.116731860 0.606194139
1762962114608523520.000000 -0.246709734 -0.405995280 1.654183507 -0.726073086 -0.068973631 0.095507279 0.677450299
1762962114842545152.000000 -0.260878712 -0.421687692 1.658656836 -0.692188323 -0.109477289 0.090941191 0.707544863
1762962115542915840.000000 -0.300424278 -0.426224083 1.645877719 -0.698214471 -0.154369324 0.136223778 0.685645580
1762962115876238848.000000 -0.302627414 -0.435072631 1.649953008 -0.680265963 -0.163457647 0.172759101 0.693306684
1762962116409569024.000000 -0.297971904 -0.444975913 1.649633169 -0.698341489 -0.104558222 0.078354210 0.703738213
1762962116976218368.000000 -0.286177158 -0.476109385 1.656448483 -0.673893511 -0.054535598 0.048545729 0.735212088
1762962117242886912.000000 -0.303218275 -0.505717695 1.662068605 -0.636494637 -0.038239155 0.004752626 0.770318031
1762962117542882816.000000 -0.294150889 -0.497594923 1.656607628 -0.647381127 0.003608409 -0.065321483 0.759353518
1762962118042870272.000000 -0.332388014 -0.479243428 1.651721239 -0.653716862 -0.062008645 -0.094811626 0.748211265
1762962118476209920.000000 -0.389925629 -0.493837208 1.625101805 -0.631785274 -0.234986886 -0.033719458 0.737896681
1762962119776187904.000000 -0.361103147 -0.466424257 1.630564213 -0.652611077 -0.221215859 0.044275459 0.723327041
1762962120176174592.000000 -0.317760646 -0.486061960 1.635046124 -0.604902148 -0.180171147 0.092490040 0.770115197
1762962120742816768.000000 -0.297105312 -0.463693231 1.623011112 -0.611770093 -0.172589719 0.141014397 0.758989573
1762962121276130560.000000 -0.295516849 -0.468478173 1.622631431 -0.609785557 -0.171633974 0.153863132 0.758306980
1762962121709446144.000000 -0.294054985 -0.494797468 1.625590444 -0.591649950 -0.151769862 0.113797300 0.783560097
1762962122642758656.000000 -0.286224604 -0.516860127 1.630601168 -0.579981327 -0.121480525 0.050771110 0.803919435
1762962123042745600.000000 -0.258938998 -0.503810942 1.628646016 -0.582967281 -0.067427911 0.010599819 0.809623599
1762962123442735872.000000 -0.233708814 -0.470677227 1.612886906 -0.590504646 -0.042861752 -0.031575195 0.805276453
1762962123809384448.000000 -0.191993967 -0.339607358 1.461964130 -0.689956486 0.031575162 -0.094782025 0.716923594
1762962124176045056.000000 -0.210975215 -0.337751329 1.115870118 -0.685184598 0.105123200 -0.173404351 0.699572861
1762962124509380608.000000 -0.231266379 -0.322329193 0.936733961 -0.715057015 0.146451205 -0.211699948 0.649945199
1762962124876043776.000000 -0.255871236 -0.221250638 0.876299500 -0.747513413 0.186731592 -0.262846559 0.580746770
1762962125209913856.000000 -0.282612771 -0.193975508 0.861854911 -0.745299041 0.196535036 -0.297158360 0.563560367
1762962125510647552.000000 -0.298762709 -0.201947033 0.852539182 -0.746384621 0.188938707 -0.298607320 0.563955605
1762962125811415296.000000 -0.295895368 -0.207471892 0.855041921 -0.745793343 0.192415819 -0.293101132 0.566445231
1762962126178492672.000000 -0.293780595 -0.201209709 0.853173375 -0.750644803 0.189440340 -0.282741636 0.566305518
1762962126478417664.000000 -0.295734972 -0.202487186 0.854307830 -0.742012143 0.188670352 -0.294440985 0.571949363
1762962126745008896.000000 -0.297170609 -0.214944184 0.850208580 -0.696582675 0.218408391 -0.388590395 0.562199175
1762962127111709952.000000 -0.306616664 -0.241714954 0.852710009 -0.650050044 0.243100286 -0.450565428 0.561540782
1762962127512148736.000000 -0.295619994 -0.261599034 0.858228683 -0.647113204 0.265305459 -0.426077127 0.573860526
1762962127812491520.000000 -0.295480341 -0.269277424 0.863235295 -0.646227181 0.269951403 -0.413264990 0.582004189
1762962128212657664.000000 -0.293112576 -0.273029029 0.863259971 -0.645127177 0.273928821 -0.411909014 0.582327247
1762962128512515328.000000 -0.298249871 -0.266755313 0.859826148 -0.652394533 0.254461139 -0.416603744 0.579717398
1762962128812358400.000000 -0.300161660 -0.260988891 0.857351482 -0.655685484 0.246787786 -0.416149557 0.579648077
1762962129078882816.000000 -0.299934775 -0.257510155 0.854872286 -0.660422564 0.242196962 -0.403627306 0.585036457
1762962129478703872.000000 -0.300689280 -0.250447750 0.849445879 -0.669807434 0.230275080 -0.374812543 0.598203182
1762962129845182720.000000 -0.298756570 -0.244174480 0.845481157 -0.675910234 0.227740109 -0.373585999 0.593054354
1762962130178566656.000000 -0.296009749 -0.241331473 0.847357154 -0.683407784 0.228706345 -0.370421708 0.586033344
1762962130679105792.000000 -0.293963701 -0.239512965 0.848643780 -0.692635477 0.228723735 -0.359441161 0.582016885
1762962131212830720.000000 -0.281968534 -0.236325204 0.833875895 -0.700177014 0.218710184 -0.355536997 0.579233527
1762962131779384576.000000 -0.277177095 -0.228708893 0.822397649 -0.708198845 0.209686473 -0.337542474 0.583567560
1762962132312621568.000000 -0.273182213 -0.219266713 0.816907048 -0.724614441 0.207919016 -0.321498930 0.573011518
1762962132845865216.000000 -0.278457999 -0.207032442 0.818682432 -0.733139873 0.186578497 -0.314712286 0.573280632
1762962133379105536.000000 -0.283410579 -0.205182970 0.816383541 -0.731430948 0.170504391 -0.317689091 0.578801155
1762962133912331264.000000 -0.288803548 -0.201160491 0.810978174 -0.734047771 0.158948392 -0.302459598 0.586879432
1762962134245609728.000000 -0.292386800 -0.196410105 0.807075202 -0.734452903 0.152232140 -0.301440805 0.588674605
1762962134778856704.000000 -0.287039638 -0.189524561 0.801301003 -0.740382612 0.156317189 -0.293444306 0.584199429
1762962135312106240.000000 -0.279195845 -0.187111929 0.800035655 -0.746945858 0.163557559 -0.272315204 0.584093571
1762962135578732800.000000 -0.268341482 -0.191128790 0.813205779 -0.755414188 0.187635854 -0.227798060 0.585021615
1762962135878680832.000000 -0.275065482 -0.212750122 0.839449346 -0.750861943 0.209728688 -0.206772059 0.591156244
1762962136345276416.000000 -0.279881746 -0.216676101 0.852900088 -0.744058549 0.234829187 -0.237256110 0.578741431
1762962136845189632.000000 -0.161128268 -0.267536730 0.858152688 -0.708957434 0.287989020 -0.236395359 0.598797917
1762962137411766272.000000 -0.055828001 -0.336608708 1.085088372 -0.708277166 0.256746471 -0.118451551 0.646833777
1762962137945005312.000000 -0.110687770 -0.265187204 1.532275319 -0.749370515 0.202766225 -0.040747978 0.629022479
1762962138511597312.000000 -0.381459534 -0.174511716 1.642054558 -0.703276157 0.137675136 -0.030403906 0.696795464
1762962138578254592.000000 -0.405387014 -0.165446103 1.646036386 -0.696848094 0.130508676 -0.033542618 0.704446673
1762962139078174976.000000 -0.533244848 0.068674512 1.622136116 -0.743289888 -0.016097249 0.032222323 0.667999089
1762962139878062592.000000 -0.597078860 0.268621802 1.631985545 -0.679991722 -0.124284275 0.141236395 0.708672762
1762962140811292416.000000 -0.730370760 0.193668112 1.630841494 -0.709372640 -0.003232302 0.030392945 0.704170644
1762962141278237184.000000 -0.565590501 0.098262213 1.632135987 -0.668547928 0.167351112 -0.130918860 0.712669313
1762962141678773248.000000 -0.385101914 -0.036079638 1.632814646 -0.577717662 0.322523296 -0.298692971 0.687752604
1762962142079389184.000000 -0.252909750 -0.035595242 1.631064057 -0.552697003 0.416639179 -0.405531704 0.597061098
1762962142480415744.000000 -0.123399585 0.028433660 1.620686412 -0.434463024 0.516623795 -0.556343317 0.484586388
1762962143715756544.000000 0.522321999 -0.077066250 1.637953877 -0.321503341 0.454013526 -0.700001121 0.447778821
1762962144149346560.000000 0.907657802 -0.085730575 1.617744565 -0.362287700 0.498498350 -0.683731019 0.390843958
1762962144549355008.000000 1.182491064 -0.198042929 1.633002281 -0.288004905 0.556010842 -0.694861054 0.353657126
1762962145049353472.000000 1.489386201 -0.435047835 1.635960937 -0.272867829 0.555650711 -0.677764535 0.396775424
1762962145482692864.000000 1.780998349 -0.543455780 1.618536830 -0.316678464 0.549994648 -0.691374838 0.345284432
1762962145816022784.000000 1.997508526 -0.678625762 1.624665141 -0.259314746 0.583860517 -0.710159957 0.295864403
1762962146216022272.000000 2.136024237 -0.893909693 1.614006519 -0.207316890 0.610349059 -0.696531057 0.315179706
1762962146649358848.000000 2.254728556 -1.125140786 1.640166521 -0.288367540 0.565505862 -0.651855469 0.414887726
1762962147016019456.000000 2.255204916 -1.112061501 1.635880232 -0.342520535 0.558363914 -0.608260810 0.448250234
1762962147549349120.000000 2.016436577 -0.860065222 1.635919452 -0.301868647 0.537105978 -0.713405609 0.333833814
1762962148115996672.000000 1.593190908 -0.816628635 1.614362359 -0.246932104 0.590376616 -0.683352113 0.351439804
1762962148515992832.000000 1.314218283 -0.707160830 1.621227384 -0.207746804 0.625101566 -0.680132389 0.321728706
1762962149049307392.000000 1.135306358 -0.411964029 1.626679540 -0.334580868 0.600528538 -0.658165097 0.306985199
1762962149415967232.000000 0.917083204 -0.261581391 1.604645967 -0.433094263 0.524303496 -0.599875748 0.421526283
1762962149782619392.000000 0.728494465 -0.130261257 1.622236609 -0.541218400 0.439074814 -0.471048802 0.540748596
1762962150182598912.000000 0.480782211 0.113829821 1.629163384 -0.591851592 0.289288342 -0.381256908 0.648588598
1762962150649242624.000000 0.231434226 0.377229035 1.641461015 -0.639308929 0.016312361 -0.090236805 0.763462782
1762962151149211904.000000 0.122832194 0.687385380 1.650334835 -0.591293335 -0.190373510 0.259273410 0.739531934
1762962154115840000.000000 -1.298983455 1.683543324 1.647014976 -0.519292533 -0.282631785 0.460672557 0.661993444
1762962155682452736.000000 -1.018237829 1.191524506 1.664841890 -0.018963950 0.656203389 -0.753647447 -0.032449670
1762962156015765760.000000 -1.080773830 0.878447831 1.678637385 -0.014610568 0.660270452 -0.741778076 0.116596676
1762962156182431488.000000 -1.094378591 0.750999331 1.689456820 0.015929043 0.664215624 -0.727621019 0.170679972
1762962156515763456.000000 -1.034321308 0.541641057 1.664981246 0.043640785 0.661898792 -0.738615930 0.120133363
1762962156882422528.000000 -1.013271689 0.287520647 1.688287616 0.200277686 0.665905237 -0.714561462 -0.076557525
1762962157249540864.000000 -1.106986284 0.071676239 1.668564439 0.304682940 0.617247880 -0.680850029 -0.250233263
1762962157583706624.000000 -1.182018995 -0.173770666 1.700454593 0.254475087 0.610653520 -0.682373643 -0.310983777
1762962158585575424.000000 -0.998756707 -0.890544713 1.654214263 -0.195986703 0.594256580 -0.775492311 -0.084023684
1762962158952729088.000000 -1.052247286 -1.170336604 1.670104265 -0.271380395 0.549463689 -0.775109112 0.153779551
1762962159252883712.000000 -0.962041140 -1.336426497 1.669349313 -0.416707903 0.458640158 -0.741668582 0.256771088
1762962159419549184.000000 -0.867544413 -1.395923018 1.639076114 -0.466122270 0.406957209 -0.735956371 0.274743855
1762962159552880384.000000 -0.767977715 -1.426331639 1.620690823 -0.507094026 0.357713878 -0.740367293 0.258365601
1762962159786206208.000000 -0.600158274 -1.500878334 1.623535395 -0.532997549 0.312240869 -0.755172729 0.219393060
1762962160286193664.000000 -0.389693260 -1.775715828 1.658183575 -0.522149086 0.295833379 -0.714711845 0.359207422
1762962160552855296.000000 -0.268678546 -1.853395581 1.682826042 -0.561721444 0.218035921 -0.651533842 0.460904628
1762962160786181632.000000 -0.160688534 -1.841339827 1.677241564 -0.605350256 0.133968204 -0.550264776 0.559296310
1762962160952840448.000000 -0.067546241 -1.797408819 1.666781425 -0.602188587 0.127642661 -0.521712601 0.590671003
1762962161219502080.000000 0.097355209 -1.713119030 1.703719139 -0.546762824 0.187909856 -0.538866341 0.612669110
1762962161652827136.000000 0.394402891 -1.712097526 1.712425709 -0.430828214 0.391475588 -0.510228992 0.633087873
1762962162019477760.000000 0.710735977 -1.722780704 1.714242220 -0.366697282 0.487615228 -0.398792326 0.684638083
1762962162186143744.000000 0.820002437 -1.695118189 1.710684061 -0.340805948 0.492574692 -0.326329708 0.731252670
1762962162452808448.000000 0.974613428 -1.594951987 1.663481832 -0.300412714 0.545776606 -0.283430904 0.729072809
1762962162686137344.000000 1.128220201 -1.452914238 1.658332467 -0.315220088 0.601919174 -0.279577374 0.678355515
1762962162886130432.000000 1.235591412 -1.348839283 1.671169639 -0.326467127 0.624799490 -0.293303460 0.645769238
1762962163152790528.000000 1.389284015 -1.247157574 1.658268571 -0.336119801 0.638121724 -0.290016502 0.629058540
1762962163386126336.000000 1.574393988 -1.169613957 1.654772043 -0.364638746 0.639907300 -0.248294279 0.629211605
1762962163619457792.000000 1.725700974 -1.059998631 1.676867962 -0.424988478 0.596025407 -0.205690190 0.649484456
1762962163886119680.000000 1.832044721 -0.902505279 1.669708729 -0.476948023 0.555725515 -0.135211542 0.667388678
1762962164119446784.000000 1.846946359 -0.731385231 1.662010312 -0.511807263 0.504177988 -0.129868284 0.683368266
1762962164352778496.000000 1.828249574 -0.556749105 1.691936374 -0.549899518 0.434007078 -0.123934381 0.702772141
1762962164586105088.000000 1.824592352 -0.402652949 1.703894258 -0.602905691 0.347464442 -0.085951880 0.713011622
1762962164852761856.000000 1.839022040 -0.211476028 1.694890499 -0.660721064 0.232163385 -0.023453213 0.713440835
1762962165086082816.000000 1.873261809 -0.017604837 1.698562860 -0.692745626 0.156171247 0.039884832 0.702939034
1762962165286081792.000000 1.846781135 0.146120280 1.706186771 -0.723669589 0.036371693 0.090306625 0.683245420
1762962165486076928.000000 1.763589263 0.272307277 1.700997114 -0.744868279 -0.101886809 0.130701497 0.646302938
1762962165919392256.000000 1.506173730 0.484113604 1.656476498 -0.742260814 -0.268224388 0.133530796 0.599394798
1762962166152718592.000000 1.392281532 0.595073521 1.659313798 -0.738774359 -0.289836913 0.111208156 0.598197162
1762962166386048768.000000 1.321722269 0.690961003 1.658718228 -0.725562930 -0.299865365 0.119003318 0.607846558
1762962166652709120.000000 1.257044673 0.841509938 1.650631905 -0.702331483 -0.332652271 0.180069461 0.603032410
1762962166952695552.000000 1.154235721 0.981905282 1.679254770 -0.630575955 -0.422434121 0.286830157 0.584509969
1762962167219356416.000000 1.028985977 1.018665075 1.674245954 -0.532301903 -0.536713958 0.410381734 0.510078132
1762962168019337984.000000 0.614694357 1.037058473 1.652976394 -0.399449587 -0.639987469 0.526945770 0.391387612
1762962168186002432.000000 0.522146940 1.053272963 1.640885234 -0.397024661 -0.639513850 0.478255600 0.452399313
1762962168452667904.000000 0.355755270 1.081358910 1.646313787 -0.384214461 -0.596346676 0.376262814 0.595966578
1762962168952652544.000000 0.111950524 1.029734850 1.641491652 -0.320159763 -0.526422977 0.331438094 0.714510620
1762962169185985024.000000 0.052368119 0.984638929 1.651597500 -0.341112643 -0.420953184 0.381468475 0.748947501
1762962169419323136.000000 -0.022796718 0.932666719 1.672989249 -0.373093665 -0.368582666 0.435452431 0.731661916
1762962169685993216.000000 -0.132340133 0.916078508 1.688309431 -0.386418939 -0.401434183 0.536153436 0.634090304
1762962170219326720.000000 -0.558855176 0.875667512 1.677865982 0.360058635 0.583706737 -0.663948953 -0.298020303
1762962170519327488.000000 -0.753227830 0.757239401 1.670621276 -0.313413650 -0.676935017 0.658941805 0.096574135
1762962171719302144.000000 -0.860560298 0.519920111 1.683164716 0.388893306 0.479625076 -0.675982356 -0.402205914
1762962172419272192.000000 -1.113707662 0.395423681 1.614706397 -0.667962313 -0.369451374 0.300895065 0.571659207
1762962173720161792.000000 -0.773718297 0.466367394 1.533537745 -0.812843978 0.312200427 -0.183814004 0.456100971
1762962174287444480.000000 -0.654618442 0.395969719 1.627745748 -0.644841015 0.358089685 -0.246567935 0.628614545
1762962174787552768.000000 -0.688704073 0.460316330 1.636080623 -0.409176946 0.275959104 -0.440722376 0.749789774
1762962175221317120.000000 -0.595522046 0.643790841 1.674384475 -0.332346410 0.327050209 -0.580230415 0.667770028
1762962175655830528.000000 -0.391006202 0.724722862 1.657605171 -0.239788041 0.326379597 -0.670313656 0.621818125
1762962176157068800.000000 -0.012141021 0.783454657 1.715806842 -0.353678286 0.354445249 -0.597402453 0.626410961
1762962176590397440.000000 0.275665164 0.918763816 1.708478332 -0.355189294 0.372681022 -0.616529644 0.595685005
1762962177157046016.000000 0.604124844 0.895200133 1.697917938 -0.265809596 0.444275707 -0.672184229 0.529275715
1762962177623709440.000000 0.861495972 0.705121756 1.705549717 -0.218477860 0.452389181 -0.686469674 0.525709927
1762962178090360064.000000 1.127532125 0.592556000 1.689471960 -0.222285286 0.464252919 -0.732591271 0.445385814
1762962178557029888.000000 1.385878921 0.432380974 1.707145691 -0.137986973 0.546765149 -0.794981778 0.223632351
1762962178990355200.000000 1.424508929 0.153160825 1.680902600 -0.107778288 0.599326968 -0.769510925 0.192468017
1762962179423696640.000000 1.414669752 -0.161643118 1.687483549 -0.142874628 0.664845467 -0.705705225 0.198865578
1762962179890368256.000000 1.515655279 -0.431356549 1.613345146 0.236939788 -0.752339721 0.602672696 -0.120954812
1762962180323705856.000000 1.566640854 -0.685680568 1.597602487 0.282081366 -0.749826074 0.574920118 -0.166306391
1762962180757040896.000000 1.475295544 -0.792159259 1.592685103 0.377634674 -0.671978474 0.575744510 -0.272681653
1762962181223707392.000000 1.299349189 -0.851487935 1.599786162 0.464511424 -0.560646117 0.494308621 -0.474935800
1762962181723717888.000000 1.040186167 -0.656214774 1.632510066 -0.591322899 0.317412466 -0.353982776 0.651369989
1762962182223722496.000000 0.785918534 -0.460635394 1.642889619 -0.658649564 0.130093753 -0.175026000 0.720154405
1762962182723731712.000000 0.655463874 -0.196945861 1.653961778 -0.641510308 -0.104395643 0.077231079 0.756043375
1762962183257063424.000000 0.483033270 0.056690585 1.672347784 -0.475461662 -0.418331802 0.526531100 0.567185819
1762962184257038592.000000 0.076733269 0.582531750 1.674471140 0.372616678 0.474388421 -0.674965680 -0.424892724
1762962184723706624.000000 -0.027409615 0.833652854 1.694973588 0.307311147 0.484743923 -0.710604250 -0.406970233
1762962186590375680.000000 -0.041050330 1.599358678 1.615965366 -0.662390828 0.151141196 -0.117533423 0.724279404
1762962187090365952.000000 0.129033267 1.705778122 1.626379132 -0.569021642 0.363201827 -0.387637854 0.627722740
1762962187590373888.000000 0.287919819 1.544075131 1.636087418 -0.427175671 0.493852735 -0.539860725 0.531207085
1762962188123703808.000000 0.473231703 1.291547775 1.675061107 0.303374261 -0.624253154 0.628123224 -0.351757526
1762962188657034240.000000 0.752072811 1.153131843 1.683808327 -0.221633628 0.629306376 -0.719588935 0.192467779
1762962189223683840.000000 0.884126723 0.813409746 1.666620016 -0.152814418 0.680251539 -0.687448978 0.203272104
1762962189756998144.000000 0.982426405 0.490230054 1.693692684 -0.143773153 0.675379038 -0.701220810 0.177431181
1762962190290302464.000000 1.206008792 0.237506688 1.681146145 -0.115373932 0.674207687 -0.726497591 0.065834247
1762962190790273792.000000 1.204195857 -0.048054472 1.668054223 0.023742709 0.697117150 -0.716551900 0.004158174
1762962191190379776.000000 1.069991827 -0.263123721 1.675722003 0.224856228 0.655717194 -0.705714345 -0.146430910
1762962191724467968.000000 1.033949733 -0.540778577 1.656348705 0.356253773 0.568889022 -0.652414083 -0.351858646
1762962192225083392.000000 0.917402267 -0.815349460 1.660261035 -0.527863979 -0.420245439 0.485476017 0.555937469
1762962193258632448.000000 0.310686052 -1.096546412 1.639866590 -0.607569158 -0.295023054 0.436550975 0.594343781
1762962195459137792.000000 -0.912046015 -0.821707189 1.629009247 -0.699935138 0.009807380 0.098339938 0.707335770
1762962195992600320.000000 -0.956329107 -0.511411130 1.624499440 -0.714292824 0.094600536 0.047933489 0.691765130
1762962196992848128.000000 -1.154503107 0.090520024 1.601998687 -0.766683161 -0.053907353 -0.007378064 0.639715910
1762962197493046528.000000 -0.944155991 0.366704553 1.601255655 -0.762626588 -0.038854804 0.004132957 0.645657837
1762962198026634240.000000 -0.871036351 0.578507960 1.602387905 -0.737915814 -0.147620529 0.055998068 0.656165242
1762962199526979840.000000 -0.607632935 0.895714819 1.656244874 -0.389526844 -0.604370415 0.550675273 0.423983574
1762962200527197952.000000 -0.215016574 0.405801833 1.628049731 0.025211453 -0.773167610 0.628707409 0.079393558
1762962201027310592.000000 -0.180390477 0.147570372 1.631463885 0.254015654 -0.733504295 0.603736401 -0.181520954
1762962201560757504.000000 -0.033867255 0.100263476 1.624140978 0.431447297 -0.582149744 0.577801108 -0.375633836
1762962202094201088.000000 0.174832255 0.295774102 1.630141020 -0.545793116 0.407002628 -0.576805294 0.451391727
1762962202627631360.000000 0.364489824 0.366145164 1.617948055 -0.638023496 0.229595602 -0.360411704 0.640558600
1762962203127717888.000000 0.474302888 0.503298044 1.639119029 -0.657225072 -0.025955925 -0.091472931 0.747672558
1762962204661331968.000000 0.286519080 1.237625837 1.655525684 -0.574157119 -0.060713045 0.114975527 0.808355212
1762962205161427456.000000 0.167116284 1.345237374 1.648138762 -0.570919991 -0.015833599 0.066623092 0.818144977
1762962205661526272.000000 0.014458420 1.393360376 1.647247434 -0.557848692 0.191157982 -0.239283994 0.771366656
1762962206161622528.000000 0.023119938 1.334636688 1.647134662 -0.469229728 0.329927891 -0.457499921 0.679459274
1762962206695047680.000000 0.183111474 1.102672815 1.667539358 -0.371856362 0.469377995 -0.535676658 0.595363498
1762962207195132416.000000 0.333829701 1.028177857 1.657792807 -0.259296298 0.568143487 -0.661744714 0.414816171
1762962207695241984.000000 0.568369985 0.980844438 1.674551010 -0.108479597 0.617607474 -0.765081882 0.146433979
1762962208195349504.000000 0.557663381 0.795330405 1.650375962 0.046925168 0.617028534 -0.784707427 0.036167093
1762962208695449088.000000 0.472529352 0.529193938 1.674081087 0.092790246 0.639102459 -0.763446927 -0.009316342
1762962209729001728.000000 0.374084592 0.027994806 1.662451386 0.260410041 0.607812405 -0.682102561 -0.312228978
1762962212362889984.000000 -0.658075809 -0.482378751 1.681851625 0.272245556 0.380458027 -0.777690828 -0.419917941
1762962213396465920.000000 -0.850298464 -0.407573014 1.711571336 -0.061506752 0.640069723 -0.752956986 0.139940411
1762962213929990656.000000 -0.639623702 -0.203429416 1.716594696 -0.281531006 0.554002762 -0.721685112 0.304945648
1762962214463481344.000000 -0.437553555 -0.014504972 1.660135627 -0.521134853 0.401261061 -0.578443885 0.482504696
1762962214963603456.000000 -0.141890854 0.034425285 1.630560160 -0.590419590 0.303826362 -0.368530422 0.650599420
1762962215497071616.000000 0.112445220 0.247821003 1.625313759 -0.643391371 0.176563501 -0.218372121 0.712170303
1762962216030544128.000000 0.267015636 0.553015411 1.629946947 -0.634734333 0.211910501 -0.327083021 0.667250335
1762962216564001024.000000 0.603081346 0.713682473 1.621346354 -0.583188593 0.255565763 -0.283176899 0.717208505
1762962217064114688.000000 0.828643978 0.967277646 1.623338223 -0.618021369 0.205505222 -0.229600370 0.723257184
1762962217564226560.000000 0.961582780 1.210247517 1.636378407 -0.564436972 0.213326171 -0.345775992 0.718569398
1762962218097679104.000000 1.115183830 1.235396266 1.642269373 -0.502681315 0.163426846 -0.291893184 0.797120869
1762962218597795840.000000 1.355362535 1.238736629 1.658964396 -0.532737315 0.058034528 -0.057274837 0.842343509
1762962219097912832.000000 1.334969163 1.196464181 1.656202316 -0.455231637 -0.044499706 0.202142984 0.865980506
1762962219598030336.000000 1.098482132 1.150577784 1.689029694 -0.409253031 -0.221512154 0.412200928 0.783284485
1762962220098148352.000000 0.792625010 1.217580199 1.671736598 -0.364799291 -0.392959833 0.637521505 0.553236306
1762962220631616256.000000 0.419502586 1.218191862 1.705121040 0.246823609 0.499706268 -0.768569052 -0.314123422
1762962221698554368.000000 -0.097294882 0.860709608 1.700519919 0.280060679 0.530577421 -0.701816916 -0.384065896
1762962222198679552.000000 -0.436256766 0.778457165 1.701238394 0.217860013 0.552907646 -0.765616715 -0.246294871
1762962224199141632.000000 -1.032058716 -0.221805334 1.696067214 -0.134310618 0.635443449 -0.737660825 0.184469163
1762962224699270144.000000 -0.827089727 -0.428529114 1.698558688 -0.191007033 0.612043202 -0.743672490 0.189395621
1762962225199400704.000000 -0.667420864 -0.607161582 1.701130509 -0.288316995 0.590633452 -0.703221679 0.271117747
1762962225699537152.000000 -0.549947441 -0.859740078 1.704028606 -0.382863730 0.511612654 -0.604307652 0.475899369
1762962226199674112.000000 -0.340439588 -0.922921121 1.696536779 -0.483907431 0.447100759 -0.526496887 0.537341177
1762962226699795712.000000 -0.093338355 -0.922672093 1.693943739 -0.430387408 0.511246681 -0.613409102 0.420859694
1762962227199917568.000000 0.132202268 -1.036429167 1.670747042 -0.471661627 0.465236336 -0.548594236 0.510034144
1762962227733388544.000000 0.309400052 -1.051454782 1.689453363 -0.433746904 0.392374218 -0.646938205 0.489261866
1762962228266857984.000000 0.460075408 -0.786724746 1.691366792 -0.313445598 0.424441367 -0.775174975 0.347426623
1762962228766980864.000000 0.601777494 -0.589985251 1.694385886 -0.185531482 0.438740849 -0.861092567 0.177775741
1762962229267104512.000000 0.727727175 -0.604917288 1.705668807 -0.170534566 0.505282700 -0.811828792 0.237784088
1762962229767232256.000000 0.794076383 -0.503267884 1.693295479 -0.068850167 0.542937934 -0.820932448 0.162935436
1762962230800824320.000000 0.607547700 -0.150932655 1.684790730 0.407677591 0.398494005 -0.713581502 -0.407189220
1762962231801076480.000000 0.176239908 -0.001922986 1.646336436 -0.624946833 -0.068540484 0.232862845 0.741969466
1762962232334541568.000000 0.027783819 0.233963385 1.621283293 -0.649470627 0.047092143 0.152185574 0.743511856
1762962232867998464.000000 -0.151496336 0.544383585 1.637718678 -0.680796921 0.008340426 0.187271595 0.708078742
1762962233368112640.000000 -0.357480109 0.786147177 1.634784222 -0.666148603 0.077508651 0.081044406 0.737340033
1762962233901564672.000000 -0.382269859 1.029138923 1.628925800 -0.644368112 0.144077852 0.040345713 0.749935746
1762962234435005696.000000 -0.294240028 1.248136520 1.650082231 -0.584096849 0.156241864 0.033734314 0.795789719
1762962234935094272.000000 -0.237877861 1.473518848 1.634444237 -0.583027244 0.222671479 -0.104503952 0.774322689
1762962235435191040.000000 -0.067708120 1.542879939 1.613530397 -0.416218132 0.539838850 -0.396236002 0.615088165
1762962235935294976.000000 0.159816980 1.402740598 1.619955063 -0.352196217 0.592250705 -0.482327014 0.540885985
1762962236468743936.000000 0.373868018 1.197103858 1.614930868 0.255350024 -0.691412568 0.571192741 -0.361225575
1762962236968855808.000000 0.534647346 0.897913158 1.606196761 0.077906981 -0.775584519 0.622610688 -0.068957895
1762962237502309632.000000 0.427327096 0.593600333 1.620234609 -0.029522935 -0.753248453 0.656426787 -0.029138610
1762962238002422272.000000 0.380988210 0.304460555 1.650606036 0.005384417 -0.736019790 0.675474823 -0.044494443
1762962238502529024.000000 0.419959992 -0.029124290 1.641076326 0.091899589 -0.745014548 0.660192549 0.025566632
1762962239002631680.000000 0.409785062 -0.207605109 1.613983154 0.321035296 -0.724489450 0.596700907 -0.126489386
1762962239502742784.000000 0.150253475 -0.129888996 1.648086071 -0.586346209 0.393307775 -0.559168816 0.434554338
1762962240002857216.000000 -0.228098303 -0.027356297 1.645660520 -0.564312220 0.142579466 -0.477376252 0.658281684
1762962240502959360.000000 -0.421858907 0.032184429 1.649167776 -0.547275543 0.010193982 -0.226277307 0.805719733
1762962241003056128.000000 -0.520532966 0.186266795 1.642548680 -0.524189591 -0.242491513 0.209842592 0.788916528
1762962241503167744.000000 -0.642391384 0.421241164 1.668918848 -0.349376976 -0.448393464 0.558662653 0.603966236
1762962242003287808.000000 -0.661484659 0.413409770 1.680550456 -0.313622147 -0.488983333 0.626625240 0.519497097
1762962242536742656.000000 -0.645597577 0.066191085 1.664315104 -0.368375003 -0.561657071 0.470823944 0.571984351
1762962243070193920.000000 -0.457762122 -0.187033162 1.650125980 -0.235394940 -0.664413095 0.575420797 0.414771438
1762962243603653632.000000 -0.272002995 -0.444692135 1.671173573 0.047936168 0.684572041 -0.702910542 -0.187029853
1762962244137116160.000000 -0.170544386 -0.617092311 1.688501835 -0.020579141 0.661283612 -0.746900439 -0.066485249
1762962244637238784.000000 -0.360010356 -0.413208455 1.689638138 0.289424241 0.556819022 -0.726379991 -0.280282527
1762962245137361920.000000 -0.378197968 -0.204812974 1.666420460 0.454817086 0.476099998 -0.644608736 -0.388522744
1762962245670823936.000000 -0.032462191 0.052875422 1.635036707 -0.660787404 -0.010365290 0.258248895 0.704670250
1762962246170945024.000000 0.292481214 0.001726035 1.609567642 -0.606064200 0.238018736 0.026548743 0.758504033
1762962246704404992.000000 0.288372546 -0.021294259 1.624316216 -0.602153122 0.198677495 0.064506598 0.770569742
1762962247204524032.000000 0.000155766 -0.192379951 1.645846725 -0.579272330 0.043782227 0.108935699 0.806634903
1762962247737992192.000000 -0.261108339 -0.316052228 1.662597895 -0.516252577 -0.162083566 0.254406244 0.801554561
1762962248238120192.000000 -0.474186242 -0.234171927 1.692757249 -0.353198230 -0.400744438 0.652412713 0.537598908
1762962248738248960.000000 -0.620599151 -0.370932221 1.684980392 0.162825540 0.513054729 -0.798497796 -0.269562632
1762962249238379264.000000 -0.754641175 -0.717530370 1.697827578 0.221803501 0.542785525 -0.742901564 -0.322930872
1762962249771849472.000000 -1.120020628 -1.029766560 1.680806637 0.306871980 0.551728368 -0.705100775 -0.322890520
1762962250271973376.000000 -1.286453366 -1.383633971 1.660011888 0.294228882 0.577234447 -0.679042757 -0.345153272
1762962250772081664.000000 -1.536197782 -1.656835914 1.650007963 0.438803792 0.543177366 -0.596915126 -0.395097524
1762962251272191744.000000 -1.881305695 -1.856734276 1.631015778 0.443401456 0.574595690 -0.588852704 -0.355650872
1762962251805653760.000000 -2.120672703 -2.098946333 1.601681828 -0.486134022 -0.570469975 0.525371909 0.402768224
1762962252305773568.000000 -2.418767691 -2.274984598 1.467087507 -0.498363137 -0.601082087 0.486315668 0.392213672
1762962252839230976.000000 -2.631560802 -2.334402323 1.225876689 -0.528711617 -0.634841681 0.444307745 0.346454650
