1761339833068459008.000000 -0.008546606 -0.015156537 -0.069026209 -0.699928224 0.033025328 0.003980591 0.713438213
1761339833335896576.000000 -0.029758910 0.153618932 -0.053847242 -0.699369967 0.069340035 -0.040353056 0.710243165
1761339833636045568.000000 0.000523547 0.305422127 -0.046208255 -0.693923771 0.109234303 -0.066995412 0.708554387
1761339833902391040.000000 0.089551158 0.432265460 -0.064878821 -0.688868999 0.127933577 -0.077407606 0.709295928
1761339835000993792.000000 0.408801377 1.004040003 -0.060593560 -0.678754151 0.178298950 -0.132453814 0.699970245
1761339835300589568.000000 0.511698961 1.165367603 -0.057369724 -0.688349009 0.210535139 -0.131636158 0.681558967
1761339835901534720.000000 0.782881320 1.457930803 -0.069253854 -0.695275426 0.170158759 -0.111889333 0.689288735
1761339836035244800.000000 0.826638043 1.526656628 -0.063373871 -0.699577808 0.163442492 -0.104965076 0.687648058
1761339836302695424.000000 0.888528168 1.680353642 -0.074274734 -0.695540249 0.151558474 -0.100229234 0.695131540
1761339836469853440.000000 0.921199322 1.788961649 -0.081368074 -0.685067832 0.166888028 -0.109015524 0.700675428
1761339836669626624.000000 0.950249314 1.910618544 -0.075363226 -0.681170225 0.177431539 -0.129486755 0.698397040
1761339836836094464.000000 0.981656015 1.996657133 -0.065310545 -0.678865433 0.172488198 -0.125131771 0.702660441
1761339837002551040.000000 1.028341889 2.085440397 -0.067984782 -0.679205596 0.156682014 -0.107181229 0.708972991
1761339837202287360.000000 1.105952859 2.199803114 -0.073220409 -0.681624174 0.137206614 -0.083632015 0.713840723
1761339837435294208.000000 1.189205527 2.333960295 -0.059215754 -0.685330510 0.110839061 -0.065819710 0.716731846
1761339837701643264.000000 1.234107852 2.488457203 -0.055313099 -0.704207897 0.082067214 -0.047027390 0.703665137
1761339837967973632.000000 1.236523509 2.648668528 -0.071160436 -0.703796923 0.054016404 -0.022253962 0.707994998
1761339838234279168.000000 1.216893435 2.826229811 -0.066878110 -0.707322955 0.042578198 -0.003822587 0.705596805
1761339838734639616.000000 1.215215921 3.096701145 -0.061125919 -0.714831173 -0.008779283 0.073751815 0.695341706
1761339839002035200.000000 1.234228015 3.242214918 -0.069266491 -0.703049242 -0.062735416 0.123217531 0.697569728
1761339839236040704.000000 1.240485787 3.356750250 -0.058387414 -0.693114817 -0.126188755 0.173085555 0.688265681
1761339839503430656.000000 1.226546645 3.444550276 -0.054129824 -0.684653521 -0.207693651 0.240693659 0.655880749
1761339841803782656.000000 0.958832920 3.533930779 -0.063256465 0.387303710 0.585205793 -0.620141745 -0.350648284
1761339842003539968.000000 0.938583434 3.559956312 -0.068880707 0.329083115 0.616797447 -0.651407599 -0.294844657
1761339842269863168.000000 0.921412706 3.558640003 -0.071198553 0.254946887 0.655027628 -0.676280618 -0.220421225
1761339842569661952.000000 0.939575315 3.519836903 -0.065073170 0.174150959 0.684177876 -0.696963489 -0.125753716
1761339842769918208.000000 0.973501503 3.474851131 -0.063470185 0.133218110 0.695369601 -0.701702833 -0.079543628
1761339843370714624.000000 1.050566912 3.318356991 -0.073557027 0.100192107 0.692116380 -0.713859260 -0.036626890
1761339843570886144.000000 1.042834282 3.235194206 -0.081319734 0.094010651 0.689640999 -0.717214048 -0.034079149
1761339843904222720.000000 1.010609984 3.073829174 -0.074029818 0.080532201 0.675532043 -0.732432365 -0.026719991
1761339844170899712.000000 0.995162785 2.942169428 -0.071704417 0.063116007 0.691705644 -0.719350159 -0.009746844
1761339845036958720.000000 1.189189792 2.492633820 -0.069534644 0.076506898 0.690092444 -0.719124794 -0.027906699
1761339845336568832.000000 1.217025876 2.335455418 -0.081510887 0.067417286 0.687113345 -0.723168135 -0.018923482
1761339845636692480.000000 1.214041948 2.145147800 -0.078251846 0.067272052 0.684747100 -0.725590050 -0.010722152
1761339845937505792.000000 1.238103390 1.958710074 -0.072927229 0.053445648 0.698407054 -0.713701844 -0.000950367
1761339847804320768.000000 1.407562137 0.856553435 -0.090491593 0.055678956 0.700840414 -0.710621655 -0.027192509
1761339848137250816.000000 1.478598714 0.656464279 -0.085876785 0.084059380 0.691690445 -0.714319706 -0.065160163
1761339851004429312.000000 1.321949005 -0.824148059 -0.086928070 0.133430868 0.682139754 -0.711695552 -0.101838619
1761339851337338624.000000 1.329554081 -1.016091824 -0.094160236 0.216435358 0.659294486 -0.701344430 -0.163103014
1761339851670468352.000000 1.332748175 -1.178490996 -0.094546661 0.292034239 0.633972585 -0.676711738 -0.234213680
1761339852003891200.000000 1.283309460 -1.303295732 -0.091674119 0.322455704 0.615730464 -0.667852461 -0.266216934
1761339853305281536.000000 0.806817830 -1.821347475 -0.094183899 0.446608394 0.508380413 -0.592831731 -0.436624289
1761339853638855680.000000 0.634152174 -1.914221644 -0.094666421 -0.533466876 -0.458381236 0.517528415 0.487302870
1761339854271428608.000000 0.278529108 -1.925673127 -0.098528318 -0.602483451 -0.373651206 0.439286858 0.551747739
1761339854604436736.000000 0.109686345 -1.927948356 -0.092275999 -0.621405005 -0.335768551 0.385939568 0.593435705
1761339854871169792.000000 -0.042249411 -1.931960583 -0.102144405 -0.642170906 -0.263915628 0.326166987 0.641545177
1761339855171258880.000000 -0.247139171 -1.938686967 -0.100999519 -0.661479235 -0.194482878 0.262348443 0.675125837
1761339856741092608.000000 -1.078241348 -1.648672581 -0.097746499 -0.673070371 -0.157350466 0.221067563 0.688001633
1761339857074917376.000000 -1.273548365 -1.578938723 -0.080803901 -0.694236338 -0.109417655 0.181144163 0.687932074
1761339857442142720.000000 -1.427595973 -1.455237627 -0.078575276 -0.712706745 -0.078283831 0.144458860 0.681947529
1761339857841981696.000000 -1.527991652 -1.262518883 -0.068134665 -0.715053499 -0.012124775 0.092875861 0.692766666
1761339858208180480.000000 -1.622322798 -1.116545916 -0.063888356 -0.727543056 -0.023862509 0.081594661 0.680774570
1761339858574383616.000000 -1.762175918 -0.975522935 -0.074034013 -0.721595407 -0.029990826 0.087543957 0.686102509
1761339858974452480.000000 -1.915758371 -0.824436963 -0.064560458 -0.722259700 -0.036077518 0.091632374 0.684575021
1761339859341202176.000000 -2.018561363 -0.667769432 -0.077727720 -0.711658537 -0.078527659 0.140349612 0.683869541
1761339859707769600.000000 -2.138831854 -0.452966601 -0.068543531 -0.715235412 -0.098324381 0.151410088 0.675163448
1761339860074071040.000000 -2.292183638 -0.280425757 -0.065441974 -0.719294250 -0.131192654 0.159076720 0.663399458
1761339860473627648.000000 -2.526654959 -0.109728299 -0.077424712 -0.713613749 -0.099425979 0.121727765 0.682680190
1761339860840625408.000000 -2.679502487 0.064186476 -0.069068149 -0.721052706 -0.087494619 0.122574531 0.676315904
1761339861575042816.000000 -2.937484264 0.437284529 -0.062055968 -0.702063441 -0.108662806 0.138227507 0.690066993
1761339861941783040.000000 -3.104852676 0.584171295 -0.081421748 -0.693122447 -0.045445386 0.112640686 0.710512578
1761339862275201792.000000 -3.241265774 0.728765786 -0.070124269 -0.697269201 -0.013238695 0.091966659 0.710762024
1761339862975889920.000000 -3.402251482 1.158203006 -0.065312311 -0.713550270 -0.019803699 0.083735019 0.695300221
1761339863309739008.000000 -3.441922903 1.302462101 -0.055469342 -0.705008507 0.016319586 0.047382914 0.707426012
1761339863676715008.000000 -3.513475180 1.484110713 -0.071372241 -0.697608531 0.091838248 -0.023107883 0.710193038
1761339864042938368.000000 -3.549498081 1.653493524 -0.068179898 -0.663950503 0.249082088 -0.170154795 0.684233248
1761339864375826176.000000 -3.511348486 1.739411712 -0.059964646 -0.623023152 0.343351036 -0.266957253 0.650143147
1761339864742238720.000000 -3.368546009 1.777662516 -0.061990526 -0.567484736 0.407059669 -0.326890439 0.636715233
1761339865042303488.000000 -3.237437725 1.794338226 -0.057308171 -0.544632852 0.453052402 -0.373316228 0.598960519
1761339865242354688.000000 -3.166822433 1.819007874 -0.050282016 -0.514698386 0.479996830 -0.414261878 0.577127159
1761339865409067520.000000 -3.095388889 1.850319266 -0.054885298 -0.500673771 0.505613983 -0.440687299 0.547243118
1761339865609089024.000000 -2.998736858 1.892911553 -0.065661103 -0.470827729 0.531181097 -0.478834182 0.516609848
1761339865842206208.000000 -2.877861023 1.939056158 -0.058442257 0.425292999 -0.562099338 0.523589909 -0.478564322
1761339866075308288.000000 -2.765885115 1.967276692 -0.059883982 0.399049819 -0.593298316 0.539208412 -0.444983929
1761339866474872832.000000 -2.560362577 1.992860317 -0.072441526 0.360855162 -0.592920363 0.566484094 -0.444212496
1761339866974379520.000000 -2.232481956 1.990698099 -0.079920135 0.378247976 -0.595250309 0.560990214 -0.433469236
1761339867407248896.000000 -1.961821198 2.039418936 -0.085501447 0.378572702 -0.616432190 0.557934940 -0.406697184
1761339867874157568.000000 -1.724103570 2.091198444 -0.069498748 0.362082958 -0.624441445 0.567737937 -0.395781010
1761339868141228800.000000 -1.563343525 2.093285561 -0.080863521 0.385244668 -0.614172876 0.559747338 -0.401324183
1761339868441698304.000000 -1.359791875 2.056762934 -0.070138291 0.393851578 -0.624352753 0.544958472 -0.397598922
1761339868775291648.000000 -1.183167577 2.045292377 -0.064303398 0.412275016 -0.612127304 0.537522614 -0.407920390
1761339869108694784.000000 -0.968304753 2.027394056 -0.087328896 0.391472965 -0.619652927 0.552280009 -0.397197604
1761339869342087424.000000 -0.810300767 2.020177841 -0.077158727 0.362381369 -0.629913330 0.574935317 -0.375949919
1761339869675398400.000000 -0.629298985 1.986106038 -0.063303947 0.344695747 -0.643754959 0.574504137 -0.369742513
1761339870041713152.000000 -0.419186950 1.905990481 -0.067153990 0.340575397 -0.627949595 0.585484624 -0.383269519
1761339870441283840.000000 -0.228548050 1.829103947 -0.052667066 -0.320937306 0.609632909 -0.616149068 0.381716251
1761339870707677696.000000 -0.092579782 1.785782576 -0.057783231 0.296585262 -0.628508627 0.630777061 -0.345158607
1761339871007386112.000000 0.084865682 1.746906638 -0.062031392 -0.228013530 0.649962544 -0.667159259 0.283649623
1761339871307068416.000000 0.233569607 1.684623480 -0.059625633 -0.155344442 0.674181759 -0.687932849 0.219306901
1761339871573431040.000000 0.342552841 1.593158126 -0.067124858 0.122005768 -0.685840368 0.688107908 -0.203088820
1761339871840796416.000000 0.456231862 1.471068382 -0.065701962 0.108167090 -0.687468171 0.690526903 -0.197129562
1761339872175123200.000000 0.582933843 1.317371130 -0.062826104 0.106731772 -0.699943185 0.684314907 -0.174358785
1761339872676495360.000000 0.811949849 1.087982655 -0.083633505 -0.070334055 0.695072234 -0.703532577 0.130267888
1761339873009974016.000000 0.944000840 0.916747153 -0.071889974 0.009058285 -0.704135537 0.705964088 -0.075669616
1761339873343476736.000000 1.039572597 0.724625885 -0.092002660 0.006051851 0.696710706 -0.713716388 0.071879297
1761339873776829440.000000 1.132096767 0.459698349 -0.078488931 0.040104102 0.693625093 -0.717973828 0.042303298
1761339874109914624.000000 1.233830810 0.278904319 -0.087856323 0.066642091 0.691533566 -0.719258070 -0.002831226
1761339874509581824.000000 1.359311223 0.056802940 -0.086651392 0.153027251 0.663933516 -0.729393363 -0.061321478
1761339874809841152.000000 1.389535546 -0.104437388 -0.085179597 0.187239811 0.674263597 -0.708951771 -0.087734506
1761339875177132800.000000 1.354506969 -0.315190464 -0.094805218 -0.216084853 -0.686054170 0.684928894 0.116230667
1761339875511058688.000000 1.328194380 -0.479951233 -0.086783744 -0.225541830 -0.692670226 0.669283450 0.146282673
1761339875844900096.000000 1.319084048 -0.633986235 -0.095422640 -0.264011443 -0.687430680 0.652854264 0.177533910
1761339876178732288.000000 1.341336131 -0.823545337 -0.096991256 -0.310529828 -0.671447575 0.630406260 0.235196397
1761339876579353088.000000 1.316487193 -0.987722814 -0.088699356 -0.345430702 -0.646495938 0.622640848 0.273932666
1761339877012832000.000000 1.171255589 -1.126023293 -0.094308309 0.351745069 0.616909862 -0.648792565 -0.273433566
1761339877412938240.000000 1.046714902 -1.249145865 -0.085463218 0.370779932 0.596792698 -0.637755930 -0.315639257
1761339877812830208.000000 0.917255282 -1.408526063 -0.098492645 0.428457409 0.547852218 -0.619008303 -0.364843726
1761339878212433152.000000 0.736771643 -1.604563475 -0.091904663 0.503415167 0.546024382 -0.549666166 -0.382488728
1761339878678680832.000000 0.550974488 -1.758677483 -0.100451514 0.487161636 0.527414322 -0.564016283 -0.407913357
1761339879078851840.000000 0.388301462 -1.865197778 -0.086299725 0.465579480 0.496161044 -0.577018857 -0.451784551
1761339879479056384.000000 0.226217419 -1.969084382 -0.092342675 0.500503063 0.455978990 -0.544455051 -0.495124727
1761339879878942720.000000 0.067620076 -2.116527081 -0.091461509 -0.545453429 -0.399758488 0.508358598 0.533146620
1761339880245320448.000000 -0.074082211 -2.184537649 -0.090881564 -0.570521653 -0.390970349 0.475979596 0.543222487
1761339880645029888.000000 -0.286687493 -2.202975035 -0.097125985 -0.565407157 -0.385948509 0.501009166 0.529479384
1761339881012327936.000000 -0.466782033 -2.231767654 -0.089285329 -0.575978935 -0.375128418 0.469130516 0.554476023
1761339881413049600.000000 -0.671707094 -2.309115648 -0.098735780 -0.610275447 -0.322182059 0.425005406 0.585775554
1761339881879898880.000000 -0.884327888 -2.372217417 -0.093651660 -0.650518835 -0.258766800 0.346465290 0.624361217
1761339882279497984.000000 -1.064635515 -2.315395355 -0.105852291 -0.655712545 -0.226339579 0.330449611 0.640011430
1761339882745667584.000000 -1.248166680 -2.232017517 -0.084051944 -0.677670360 -0.176962242 0.273545682 0.659257293
1761339883178570240.000000 -1.369971275 -2.243536711 -0.079107210 -0.693637192 0.020043507 0.080192775 0.715566158
1761339883678172416.000000 -1.455809236 -2.228879452 -0.082012996 -0.675563633 0.235996634 -0.145411357 0.683209300
1761339884079320576.000000 -1.384351850 -2.194940090 -0.082223833 -0.637788653 0.304389268 -0.214162916 0.674319744
1761339884580904192.000000 -1.192407966 -2.136675596 -0.075353518 -0.607193470 0.305990905 -0.239918977 0.692910194
1761339885080679680.000000 -1.046480417 -1.967397094 -0.077258915 -0.602118254 0.335113645 -0.281168431 0.667904794
