1761310161109296128.000000 0.005957415 -0.011713324 0.008390354 -0.794244647 0.047730356 -0.001476281 0.605718672
1761310161375975424.000000 -0.013261722 -0.022866962 0.022704482 -0.765451074 0.003159908 -0.026878320 0.642924845
1761310161642652160.000000 0.005016768 -0.022204440 0.015897231 -0.760442436 0.040778391 -0.055977397 0.645701945
1761310161909324800.000000 0.021346161 -0.007617826 0.004582419 -0.784045100 0.057601273 -0.048292190 0.616135836
1761310162476006400.000000 0.027009761 -0.017112577 0.010077927 -0.757088721 0.045952547 -0.043571502 0.650235713
1761310162742677760.000000 0.035917986 -0.021714661 0.008383263 -0.748469055 0.051170852 -0.045441493 0.659629226
1761310163009346304.000000 0.045720272 -0.027597718 0.007870454 -0.745615304 0.063181937 -0.050186507 0.661473513
1761310163276016640.000000 0.048956342 -0.028259179 0.005377978 -0.741136551 0.067493461 -0.055098481 0.665676653
1761310163542688512.000000 0.048613656 -0.025648523 0.005322121 -0.739818394 0.062156241 -0.068710640 0.666396439
1761310164042689792.000000 0.044447117 -0.005909855 -0.005042221 -0.751704395 0.038866095 -0.075459026 0.654015243
1761310164276029952.000000 0.044283960 0.001591332 -0.010094613 -0.754240990 0.032106359 -0.080914199 0.650801480
1761310164776045824.000000 0.048005976 0.013423156 -0.021005316 -0.760816574 0.021139177 -0.073069252 0.644493699
1761310165276064000.000000 0.051488914 0.029043203 -0.034910087 -0.772987008 0.025494060 -0.083427086 0.628395677
1761310165542755840.000000 0.049576789 0.049050637 -0.051884584 -0.791052282 0.022759303 -0.095985889 0.603742599
1761310165676100864.000000 0.052812140 0.055773426 -0.058808688 -0.796797574 0.024618877 -0.098832995 0.595600247
1761310165909452800.000000 0.053817071 0.066173032 -0.070863187 -0.806495786 0.013808199 -0.121091545 0.578541875
1761310166076132096.000000 0.067720570 0.075933270 -0.084598042 -0.817438900 0.032451503 -0.143472672 0.556916654
1761310166242806784.000000 0.091375239 0.082747161 -0.090494394 -0.825514913 0.070722058 -0.155290470 0.537966967
1761310166409479680.000000 0.103273176 0.074788570 -0.073410369 -0.813700020 0.085316136 -0.153496608 0.554123044
1761310166909489664.000000 0.102246590 0.090377867 -0.054795660 -0.811279833 0.052744556 -0.117285326 0.570339501
1761310167409505792.000000 0.094474562 0.139945477 -0.036700558 -0.818302989 0.045562264 -0.125443578 0.559078097
1761310167909523712.000000 0.057608310 0.153550133 -0.024241881 -0.816007376 0.033072993 -0.131523222 0.561907351
1761310168409542912.000000 0.021797368 0.136481136 0.042194422 -0.807084084 0.023253156 -0.138982847 0.573374510
1761310168676221440.000000 0.024098681 0.127711087 0.060319796 -0.814091086 0.040127251 -0.160548449 0.556659460
1761310168909560832.000000 0.049508847 0.132138312 0.035159048 -0.830662847 0.075356357 -0.214935064 0.508058727
1761310169242907648.000000 0.087675557 0.111796789 0.030774929 -0.829117835 0.100836948 -0.234799981 0.497257084
1761310169742936832.000000 0.096408956 0.093225755 0.012144541 -0.824317634 0.074976116 -0.202367097 0.523379862
1761310170176289024.000000 -0.120385878 0.093817092 0.084001437 -0.808713734 0.044239782 -0.170607150 0.561175644
1761310170509641728.000000 -0.204005435 0.120546602 0.227219462 -0.786973774 0.045806289 -0.153694972 0.595778406
1761310170842988288.000000 -0.163785681 0.169670761 0.278766274 -0.785646081 0.031873614 -0.104521498 0.608949602
1761310171142996992.000000 -0.112140290 0.258635819 0.304099500 -0.778062999 -0.029577082 -0.052571900 0.625283420
1761310171843030528.000000 -0.163990527 0.428491801 0.683204949 -0.796975434 -0.182177395 0.049206488 0.573777318
1761310172176374272.000000 -0.222650871 0.293587387 0.783465922 -0.777770400 -0.210314691 0.100430541 0.583741963
1761310172543065856.000000 -0.274796546 0.219331533 0.812994242 -0.751145840 -0.256159633 0.163368374 0.586065590
1761310172876416512.000000 -0.244800940 0.219019428 0.822441101 -0.725777447 -0.280278772 0.192693472 0.597963393
1761310173209931008.000000 -0.233215690 0.228669614 0.825200558 -0.708299339 -0.303226829 0.212577298 0.600979507
1761310173510681344.000000 -0.286745369 0.182566196 0.828475833 -0.691979110 -0.313002914 0.226263881 0.609917045
1761310173778045440.000000 -0.378626734 0.166830868 0.825049639 -0.697282553 -0.309144437 0.229871601 0.604471624
1761310174379251200.000000 -0.645053923 0.412570059 0.927105069 -0.682676196 -0.302262127 0.312086314 0.587531269
1761310174712905472.000000 -0.857408404 0.514474571 0.866616488 -0.656547129 -0.352382600 0.324483633 0.582651496
1761310175046592512.000000 -1.072150469 0.566838622 0.836674809 -0.638666153 -0.355198354 0.295950621 0.615104079
1761310175446694144.000000 -1.330185056 0.709220827 0.861401677 -0.679834485 -0.296039551 0.223564565 0.632617295
1761310175813341696.000000 -1.476668000 0.901325345 0.842685819 -0.690903544 -0.251420885 0.218543887 0.641621828
1761310176213317120.000000 -1.624648809 1.135944009 0.861706555 -0.691046536 -0.245586768 0.222531870 0.642356098
1761310176579980032.000000 -1.753552914 1.311188102 0.840697885 -0.703564703 -0.173868701 0.143055007 0.674019039
1761310177313292032.000000 -1.873488069 1.720284700 0.847134948 -0.687202632 0.069634564 -0.085397013 0.718060613
1761310177679952384.000000 -1.807917118 1.975387335 0.861079514 -0.683223128 0.109621108 -0.091696389 0.716087520
1761310178046603520.000000 -1.775179505 2.213683844 0.857646167 -0.695658505 0.105797760 -0.130647391 0.698424935
1761310178479932160.000000 -1.710038304 2.491795778 0.871449709 -0.664263666 0.209346861 -0.239703089 0.676365435
1761310178813259008.000000 -1.593360424 2.626195669 0.868763626 -0.609894872 0.279287934 -0.301524341 0.677576244
1761310179113247488.000000 -1.417138100 2.752739668 0.863884866 -0.592267752 0.297528297 -0.301210016 0.685542464
1761310179379911168.000000 -1.276107907 2.878542900 0.878753841 -0.596522689 0.325608641 -0.335565299 0.652330935
1761310179613238016.000000 -1.158745885 2.983916998 0.863452375 -0.579163194 0.373142838 -0.394983917 0.607718825
1761310179813230848.000000 -1.047109723 3.075419664 0.852772892 -0.539032280 0.426957279 -0.459555924 0.562103271
1761310179979888384.000000 -0.932532787 3.136610985 0.858827174 -0.500826418 0.487829119 -0.515034378 0.495918542
1761310180513206016.000000 -0.555582881 3.133890390 0.824260294 0.427425295 -0.577573597 0.555569828 -0.418399811
1761310180946521344.000000 -0.225424200 3.113402843 0.847560406 0.460287184 -0.557742655 0.546115994 -0.422866523
1761310181479839488.000000 0.180328101 3.077133417 0.831026673 0.383039057 -0.616796672 0.605423629 -0.326044977
1761310181879827200.000000 0.449064821 2.946186543 0.817945898 0.323856533 -0.666373849 0.616784394 -0.265781671
1761310182413146368.000000 0.820442319 2.715482235 0.822708786 0.357797414 -0.635443628 0.606866002 -0.316079199
1761310182779804160.000000 1.072422385 2.593180418 0.800900996 0.345640987 -0.647763848 0.619534016 -0.277690321
1761310183013128192.000000 1.230558395 2.498258114 0.808386326 0.278922796 -0.671902359 0.645462394 -0.232653648
1761310183246455552.000000 1.353678823 2.389985800 0.822900474 0.229273438 -0.697406948 0.654882967 -0.179403380
1761310183446456320.000000 1.422209263 2.273571730 0.813418090 0.204105169 -0.710376501 0.653523207 -0.163137227
1761310183646454272.000000 1.461652279 2.140446901 0.797787905 0.185232699 -0.700381100 0.666570187 -0.175611317
1761310183879783168.000000 1.524197221 1.968503594 0.815007985 0.188740060 -0.700846195 0.665173292 -0.175317764
1761310184113107968.000000 1.585280895 1.828348637 0.826730907 0.180588633 -0.710528553 0.664578140 -0.144474804
1761310184346447104.000000 1.631695032 1.681254745 0.807007313 0.123439342 -0.733086526 0.662893414 -0.088990554
1761310184546451200.000000 1.675836325 1.559274554 0.802419066 0.051357154 -0.735766709 0.675145566 -0.013724464
1761310184679786752.000000 1.693247914 1.471914649 0.811810195 0.002772867 -0.734913230 0.677740991 0.023708185
1761310186646417408.000000 1.220710278 0.416261226 0.824133039 -0.359388381 -0.651305079 0.595615864 0.303122908
1761310187046398976.000000 0.994302809 0.273420006 0.811167121 -0.389664501 -0.633747637 0.591778934 0.310359806
1761310187979728384.000000 0.535974443 -0.072009437 0.811047673 -0.467958778 -0.597357571 0.522294819 0.389084458
1761310188246393088.000000 0.394265354 -0.128600463 0.810500085 -0.500651836 -0.583938479 0.489810646 0.410425484
1761310188546393856.000000 0.211922169 -0.139836833 0.793379903 -0.511200607 -0.580468535 0.484675765 0.408435673
1761310189313621248.000000 -0.212372899 -0.089396231 0.795360267 -0.533541620 -0.553969264 0.469796628 0.433292806
1761310189983015424.000000 -0.596955478 -0.006837072 0.819250345 -0.578441083 -0.496687680 0.424311310 0.488535762
1761310190250478336.000000 -0.722086728 0.107340969 0.818408668 -0.595240116 -0.449817061 0.410731703 0.524073720
1761310190550467840.000000 -0.860414147 0.237895384 0.846655250 -0.616345942 -0.396076769 0.391838849 0.556509852
1761310190817119232.000000 -0.984734356 0.303564668 0.857530713 -0.614963114 -0.373134077 0.368114829 0.589137435
1761310191183759616.000000 -1.191838861 0.382153958 0.870725811 -0.636545718 -0.312990010 0.324810803 0.625575542
1761310191583759360.000000 -1.408430457 0.503230155 0.877010882 -0.659234703 -0.263122648 0.273424536 0.649164975
1761310192050413056.000000 -1.648577452 0.727259874 0.877086222 -0.659685731 -0.243395030 0.279722393 0.653704107
1761310192483744768.000000 -1.868715405 0.872959614 0.870026171 -0.671811759 -0.235839546 0.246145457 0.657617807
1761310192917073152.000000 -2.103357077 1.017402887 0.859727442 -0.693735778 -0.142254442 0.155536264 0.688696444
1761310193383730432.000000 -2.218072653 1.267111063 0.835867107 -0.727455437 -0.016815044 0.045330733 0.684449434
1761310193783719168.000000 -2.254112482 1.519611478 0.836819649 -0.730612218 0.008823806 0.031266466 0.682019353
1761310194250363648.000000 -2.297765970 1.768702269 0.836075783 -0.729664564 0.076751173 -0.048864014 0.677725017
1761310194650347520.000000 -2.293881893 1.945538998 0.855845571 -0.692204058 0.227017924 -0.174773619 0.662397742
1761310195116982016.000000 -2.135345221 2.121683598 0.842780530 -0.662006378 0.315567702 -0.240315095 0.635935009
1761310195616982784.000000 -1.915298581 2.270801306 0.875444531 -0.644475102 0.344082087 -0.262036562 0.630552411
1761310196050308864.000000 -1.768400192 2.412504196 0.878884196 -0.590484381 0.424421906 -0.339036316 0.596865654
1761310196516969216.000000 -1.569714308 2.474815130 0.882275283 0.487879992 -0.562566996 0.452454567 -0.490689635
1761310196983620352.000000 -1.262906671 2.462999105 0.856177747 0.459417909 -0.584031880 0.459996134 -0.486051053
1761310197416940800.000000 -0.979133904 2.488007307 0.843910635 0.455125481 -0.597041786 0.491558760 -0.441329688
1761310197816926464.000000 -0.707782805 2.477591276 0.826840103 0.357702166 -0.651836634 0.566727340 -0.354934335
1761310198216908032.000000 -0.480523348 2.375575066 0.809782147 0.287393153 -0.697027862 0.586601973 -0.295728773
1761310198583582208.000000 -0.284764826 2.199535847 0.808550537 0.245098397 -0.696791768 0.592018008 -0.322370589
1761310199016914432.000000 -0.019926855 2.039937496 0.805365324 0.268541932 -0.715816498 0.573490202 -0.294280469
1761310199383583232.000000 0.209999174 1.929787636 0.823986530 0.233496174 -0.713833094 0.615705729 -0.238387033
1761310199783585792.000000 0.362433940 1.754893661 0.818773031 0.152719975 -0.745493531 0.624748290 -0.174944609
1761310200183580416.000000 0.464987069 1.501302958 0.819837213 0.109793790 -0.727590263 0.649416089 -0.191876575
1761310200550248448.000000 0.564926565 1.315532684 0.821781099 0.079895332 -0.737859666 0.656087339 -0.136855185
1761310202583542528.000000 0.416258901 0.276937664 0.808846474 -0.321236223 -0.674728692 0.606284142 0.271970630
1761310203516869120.000000 0.027907390 0.142396107 0.819059193 0.473191738 0.537333906 -0.554024637 -0.424757123
1761310204483519232.000000 -0.484074861 0.097357251 0.845098615 -0.557620049 -0.436426461 0.447526127 0.546179652
1761310205050173440.000000 -0.725158989 0.251704454 0.835165501 -0.606065273 -0.320856959 0.396917492 0.610075653
1761310205550710016.000000 -0.992057562 0.412229747 0.869024575 -0.606442988 -0.323006481 0.381513894 0.618337274
1761310206051511808.000000 -1.251750946 0.506059885 0.872988105 -0.628088415 -0.245404348 0.300709069 0.674430013
1761310206551801088.000000 -1.458494782 0.673782051 0.855769992 -0.669880152 -0.138845369 0.206261173 0.699599206
1761310207051921408.000000 -1.599623919 0.943807542 0.853226066 -0.666149437 -0.076249674 0.184793279 0.718527973
1761310207552036608.000000 -1.789193511 1.182264566 0.844394565 -0.677199006 -0.047868371 0.110047512 0.725947499
1761310208052150016.000000 -1.899237037 1.423260808 0.867397785 -0.684511006 0.105214678 -0.045539651 0.719931126
1761310208585607680.000000 -1.825225592 1.701083422 0.869453251 -0.672624767 0.172853276 -0.092824250 0.713499367
1761310209119066880.000000 -1.756497264 1.962370753 0.868971050 -0.673513174 0.182828620 -0.136150420 0.703147829
1761310209653687296.000000 -1.656124592 2.221893072 0.887965262 -0.618184686 0.319548815 -0.276546478 0.662765682
1761310210155141888.000000 -1.415743947 2.369629383 0.873679340 -0.575364888 0.355015308 -0.319819927 0.663803101
1761310210655222272.000000 -1.167145967 2.526036501 0.880791426 -0.582079053 0.357776552 -0.362488925 0.633862615
1761310211188538112.000000 -0.886434078 2.625813723 0.873043239 -0.437772274 0.521519601 -0.527614772 0.507932425
1761310211721871616.000000 -0.592003405 2.556545973 0.847386003 -0.329940617 0.594273269 -0.599726677 0.422263563
1761310212255190528.000000 -0.303099692 2.440141678 0.858495951 -0.274905354 0.606026530 -0.646058142 0.373855323
1761310212788505344.000000 0.040053096 2.307945013 0.855356216 -0.192935765 0.641378760 -0.690444469 0.273304790
1761310213288477952.000000 0.248713538 2.072291851 0.837161660 -0.097184271 0.665849984 -0.713787675 0.194180951
1761310213855128320.000000 0.439361364 1.756037951 0.849933386 -0.062703192 0.679954350 -0.718411803 0.132720858
1761310215488424192.000000 0.550233841 0.847232282 0.824458480 0.231255099 0.673863590 -0.679244637 -0.176226199
1761310216055067136.000000 0.441835254 0.532619238 0.822524905 0.342527747 0.626295269 -0.635731697 -0.293724805
1761310216588389888.000000 0.213987231 0.353029996 0.806890249 -0.433448702 -0.592874646 0.575184405 0.360256702
1761310219354991872.000000 -0.983508289 0.502015710 0.829806924 -0.639396369 -0.376966387 0.399540871 0.537992418
1761310219888314112.000000 -1.185744643 0.661186099 0.860624015 -0.704712212 -0.243513495 0.271220863 0.608704448
1761310220454960384.000000 -1.363846183 0.949394047 0.855483711 -0.706982136 -0.218310401 0.268013328 0.616997421
1761310220988268800.000000 -1.601695657 1.147850871 0.835535884 -0.713853955 -0.250497907 0.259141058 0.600424170
1761310222088244992.000000 -1.808167577 1.657646298 0.841963470 -0.693140268 0.022214659 0.058278773 0.718099356
1761310222588250112.000000 -1.912090659 1.898825049 0.853238404 -0.671798289 0.049447771 -0.014783043 0.738934040
1761310223121580544.000000 -1.961366892 2.139141321 0.882629931 -0.628906190 0.229487360 -0.192310140 0.717516124
1761310223654912000.000000 -1.793888330 2.381907940 0.874325573 -0.591104448 0.273846954 -0.217811361 0.726747274
1761310224188228608.000000 -1.627245665 2.595227003 0.868738592 -0.567534268 0.344157547 -0.304933012 0.682990789
1761310224721562880.000000 -1.420684218 2.776636839 0.875102639 -0.472185910 0.473740190 -0.486732125 0.561874151
1761310225254978048.000000 -1.108782530 2.768552542 0.864099264 -0.355196118 0.539525211 -0.561321318 0.517365158
1761310225755710208.000000 -0.813550532 2.789604187 0.854246795 -0.329342961 0.558318377 -0.604818940 0.462609857
1761310226256447744.000000 -0.537525833 2.775241852 0.854042411 -0.212439790 0.601084054 -0.688320398 0.346095741
1761310226756577536.000000 -0.291860819 2.568493843 0.832895935 -0.175994381 0.618479013 -0.698084116 0.314941913
1761310227256707072.000000 -0.006063661 2.378149986 0.854132473 -0.228911817 0.611625791 -0.687815785 0.316895515
1761310227756828416.000000 0.295980603 2.236515522 0.851627707 -0.188838586 0.612060428 -0.722239077 0.260945976
1761310228256950272.000000 0.503521621 2.003209829 0.826838434 -0.103513636 0.639198959 -0.732049465 0.211691454
1761310228757076480.000000 0.682106614 1.734953046 0.845831811 -0.087258704 0.640490770 -0.731631517 0.216501459
1761310229290661888.000000 0.862705350 1.484311819 0.840751171 0.049901202 0.644751310 -0.761581182 0.042422969
1761310229825437184.000000 0.906334937 1.212982893 0.828168035 0.225035235 0.643212438 -0.714742541 -0.157416761
1761310230859981568.000000 0.757130027 0.615107834 0.831399143 0.355489463 0.603176415 -0.658844471 -0.275189877
1761310232993312000.000000 -0.112446308 -0.058245003 0.706660926 -0.559549034 -0.545669436 0.474433839 0.405045897
1761310233526648576.000000 -0.347177386 -0.005140794 0.584420860 -0.572214067 -0.560279667 0.469208837 0.372157186
1761310234059981056.000000 -0.461074799 0.098145224 0.711016297 -0.578063786 -0.533350348 0.458362162 0.413864523
1761310234559981568.000000 -0.672203124 0.181942731 0.795238078 -0.594923198 -0.488029808 0.438851237 0.464007497
1761310235093308672.000000 -0.779614925 0.375281364 0.840409398 -0.639398456 -0.330643654 0.337100327 0.606801271
1761310235593313024.000000 -0.920692682 0.555257022 0.872716010 -0.638964713 -0.250744224 0.296285033 0.664128482
1761310236126644224.000000 -1.137109876 0.712374389 0.868756294 -0.639306903 -0.124739818 0.200251430 0.731864750
1761310236659975936.000000 -1.260527253 0.947740614 0.859728754 -0.662663519 0.015805468 0.059445642 0.746387005
1761310237226627072.000000 -1.244635582 1.272354603 0.859283686 -0.661999762 0.098017849 0.016214496 0.742890298
1761310237793291264.000000 -1.329276681 1.564143062 0.862202227 -0.646386504 0.146895245 -0.094251536 0.742780566
1761310238326611712.000000 -1.297259569 1.818273306 0.872527838 -0.606660485 0.263595164 -0.224890560 0.715475261
1761310238826613504.000000 -1.097361922 2.024205923 0.867736995 -0.569863439 0.286767036 -0.234030187 0.733655453
1761310239359938816.000000 -0.917733312 2.253438234 0.859417140 -0.558824778 0.358797848 -0.337000251 0.667390406
1761310239926604288.000000 -0.670405149 2.406071424 0.867115378 -0.413608730 0.531790316 -0.530389547 0.514600694
1761310240493261056.000000 -0.310796261 2.314441681 0.842662692 0.333014965 -0.599234581 0.578087628 -0.442531079
1761310240726591744.000000 -0.167235002 2.285950899 0.847352684 0.331409872 -0.613119006 0.589907348 -0.407752305
1761310241259907072.000000 0.170055106 2.225769520 0.846239448 0.239427075 -0.652692258 0.652075589 -0.302431971
1761310241759923456.000000 0.414323628 2.075835466 0.834912300 0.151393995 -0.688973486 0.680570841 -0.198037267
1761310242259927808.000000 0.617180467 1.803932190 0.840570927 0.135940313 -0.684948981 0.678117990 -0.229175165
1761310242759937280.000000 0.868939102 1.573614478 0.824769258 -0.077821933 0.691738904 -0.706638515 0.126897797
1761310243293266944.000000 1.042934179 1.310527325 0.837586939 0.051466759 0.695849001 -0.716128349 -0.017482376
1761310243859930368.000000 1.038869023 0.958401442 0.830394685 0.181379780 0.682621717 -0.699808419 -0.106757693
1761310244393254144.000000 1.051926851 0.664836168 0.812495351 0.270473093 0.649963558 -0.675387144 -0.219644815
1761310244893264896.000000 0.962967515 0.416715622 0.827512383 -0.397320747 -0.605868816 0.599438608 0.340195149
