1753377506453718016.000000 0.032265224 -0.063456528 0.034402635 -0.655313730 0.058204427 -0.010852267 0.753032863
1753377506720445952.000000 0.023516972 -0.008259991 0.033341207 -0.665500402 0.049425807 0.000701112 0.744758964
1753377506987174400.000000 0.027648225 0.084280059 0.022941742 -0.670747340 0.022448512 0.035488959 0.740496218
1753377507253902080.000000 0.042517915 0.220875680 0.029121477 -0.666091621 -0.024724068 0.107015431 0.737738729
1753377507820699904.000000 -0.092132352 0.465000927 0.035761073 -0.648633480 -0.188468441 0.230049640 0.700593650
1753377508087428096.000000 -0.237586632 0.522632182 0.023273330 -0.632031918 -0.234215438 0.243550748 0.697396457
1753377508354161152.000000 -0.368190676 0.602001190 0.038088158 -0.643053532 -0.215148300 0.243023783 0.693637431
1753377508654236416.000000 -0.483304024 0.717049479 0.035193406 -0.655213654 -0.191920042 0.234381631 0.692045629
1753377509821182976.000000 -1.020555615 1.236255050 0.028915042 -0.667866290 -0.183661595 0.213540033 0.688929379
1753377511288209408.000000 -1.399038672 1.965871334 0.034913726 -0.718209326 0.021368977 0.025127592 0.695044875
1753377511554938880.000000 -1.479463339 2.080738544 0.035779074 -0.696367323 0.032707751 -0.013020544 0.716821611
1753377512055053824.000000 -1.560724497 2.330865860 0.047316588 -0.698590159 0.033347618 -0.032877028 0.713988066
1753377512188419328.000000 -1.553746104 2.395548105 0.042515546 -0.688227296 0.037132446 -0.026665278 0.724053442
1753377512455152384.000000 -1.521390080 2.558573723 0.037246279 -0.681367517 0.012551038 0.016447682 0.731649041
1753377514922401280.000000 -1.842693448 3.772764206 0.059930678 -0.621568859 -0.298838645 0.316910416 0.651087880
1753377517556363008.000000 -2.963199139 3.919389009 0.081107907 0.397950292 0.561617136 -0.581212103 -0.434067160
1753377518789989376.000000 -3.353657007 3.599548578 0.083009936 -0.128449827 -0.702412486 0.690771222 0.113808952
1753377520423707136.000000 -3.323620796 2.851160526 0.060753189 -0.062999040 0.684978366 -0.717456162 0.109966062
1753377520790462464.000000 -3.281071186 2.690877438 0.057194151 0.114639774 -0.695058465 0.692020237 -0.157668769
1753377521090534400.000000 -3.187227964 2.593606472 0.046416938 -0.117554635 0.684632063 -0.705940366 0.138232008
1753377521523971840.000000 -3.025395155 2.430472612 0.054915980 -0.102111705 0.695811450 -0.700657666 0.120409884
1753377521857384704.000000 -2.919261217 2.304226875 0.046361998 0.138156980 -0.710188329 0.674222410 -0.148220837
1753377522190798080.000000 -2.825781584 2.147848129 0.035949666 0.187577054 -0.698540807 0.653920531 -0.221909031
1753377522690908160.000000 -2.633245468 1.954004407 0.046903860 0.270520777 -0.690666437 0.611442029 -0.275566787
1753377523024315904.000000 -2.468581200 1.882321715 0.031807378 0.284179807 -0.688574195 0.614512682 -0.259772360
1753377523457751808.000000 -2.269350767 1.811305642 0.051222183 0.260302752 -0.674562573 0.645057797 -0.247201100
1753377523957873152.000000 -2.068270445 1.644271016 0.035183415 0.270007193 -0.676247001 0.630298853 -0.269275844
1753377524224602624.000000 -1.950891256 1.527947426 0.053025566 0.292440027 -0.655116737 0.621177852 -0.315339506
1753377524724718848.000000 -1.728965998 1.408411980 0.046331547 0.351671934 -0.649677217 0.584077120 -0.336304098
1753377525224834560.000000 -1.492797494 1.330722332 0.049463831 0.308020443 -0.667619944 0.613817215 -0.287463903
1753377525558243584.000000 -1.355920911 1.259320021 0.046077430 0.291088164 -0.687336624 0.611501932 -0.262491018
1753377525924993280.000000 -1.211105347 1.145680308 0.035282020 0.308334172 -0.680299401 0.601251125 -0.283936441
1753377526191721728.000000 -1.104930282 1.069972157 0.044691145 0.340164900 -0.662431777 0.595976293 -0.300473481
1753377526458452480.000000 -0.994596422 1.015809417 0.041387729 0.364421278 -0.660811067 0.577601194 -0.311292052
1753377526725183232.000000 -0.872290254 0.989403129 0.031471066 0.354840845 -0.672088981 0.580571234 -0.292098463
1753377526958574080.000000 -0.759928465 0.979406238 0.038581356 0.321287274 -0.688060522 0.593592286 -0.266449809
1753377527225303296.000000 -0.645241857 0.955558538 0.034491703 0.275728792 -0.719609320 0.600194573 -0.214248925
1753377527592052480.000000 -0.537120759 0.891506374 0.025273871 0.228782833 -0.739841342 0.609258711 -0.170578465
1753377527792097536.000000 -0.487204045 0.833554387 0.019181153 0.197988257 -0.748708308 0.612854660 -0.156990036
1753377528258872320.000000 -0.350898564 0.714131951 0.028572787 0.170088693 -0.753083467 0.620383322 -0.138056383
1753377528692315648.000000 -0.248503342 0.649427950 0.027306722 0.101809151 -0.772597551 0.622640491 -0.071040988
1753377528959050240.000000 -0.177929431 0.633279562 0.031037841 0.052644342 -0.780535638 0.622306228 -0.026974639
1753377531826379008.000000 -0.031314988 0.614469469 0.046410017 -0.300468355 -0.683785200 0.591269672 0.304231524
1753377532326497280.000000 -0.127992406 0.711705267 0.045503091 -0.359927267 -0.657958090 0.560814142 0.350757837
1753377532793283584.000000 -0.261206686 0.739977360 0.042039499 -0.438206732 -0.615629792 0.508347154 0.412986815
1753377533126702848.000000 -0.397622019 0.715128779 0.043520264 -0.486337751 -0.577147722 0.467287302 0.460454971
1753377533760180224.000000 -0.630470216 0.787341475 0.028120341 -0.620006144 -0.417245775 0.341734141 0.569838762
1753377534126929408.000000 -0.758986175 0.908382952 0.028186433 -0.640550315 -0.366299540 0.320997834 0.593700528
1753377534793762816.000000 -1.025903225 1.046439886 0.015896661 -0.678726375 -0.296731502 0.257743955 0.620361984
1753377535127181568.000000 -1.175169349 1.113177776 0.027467638 -0.717713654 -0.201244682 0.169684872 0.644666493
1753377535460596480.000000 -1.253420949 1.226912260 0.021249361 -0.743430674 -0.112635188 0.101494737 0.651400805
1753377535827353600.000000 -1.291407466 1.418994188 0.017788418 -0.745526552 -0.050594050 0.083647557 0.659267485
1753377536994297088.000000 -1.492715240 1.964549303 0.029060222 -0.741555095 0.053521257 -0.037550796 0.667698741
1753377537427736320.000000 -1.480005860 2.178098679 0.020729136 -0.753289878 0.119867392 -0.091646433 0.640146255
1753377537827836416.000000 -1.404389381 2.385702133 0.017286528 -0.746785223 0.116147205 -0.069766194 0.651117802
1753377538227936768.000000 -1.388596654 2.588400602 0.021214169 -0.759666443 0.068582587 -0.053040933 0.644507647
1753377538694714624.000000 -1.421000719 2.819940090 0.018731207 -0.753588796 0.069549687 -0.079723902 0.648776531
1753377539194834176.000000 -1.440464854 3.041122437 0.027225830 -0.751038611 0.084668316 -0.081079818 0.649767876
1753377539628269312.000000 -1.427685261 3.250288248 0.019044917 -0.744855404 0.018588677 0.000322825 0.666966975
1753377540028363776.000000 -1.452959538 3.456804037 0.031605296 -0.741729200 -0.092129163 0.084934950 0.658890009
1753377540461796864.000000 -1.581881642 3.599909782 0.019084459 -0.726201475 -0.184138849 0.153841972 0.644249201
1753377540928567296.000000 -1.774351597 3.716545582 0.028334398 -0.718597531 -0.202754706 0.157283962 0.646351218
1753377541462020352.000000 -1.972326756 3.849614382 0.025340358 -0.701964438 -0.289625078 0.229511097 0.608841538
1753377541995474176.000000 -2.188844681 3.995103121 0.052570470 -0.642572224 -0.410833240 0.329570085 0.556507587
1753377544496059136.000000 -3.130258083 3.832437992 0.066050842 -0.313271523 -0.681945562 0.595110238 0.287497997
1753377546663242496.000000 -3.211320877 2.918525219 0.035033617 0.050408222 -0.732467115 0.677845597 -0.038424183
1753377547196702208.000000 -3.087626934 2.680935144 0.041458674 0.047372948 -0.740639150 0.668558717 -0.047315776
1753377547696814336.000000 -3.030128479 2.421853304 0.031992123 0.080416396 -0.733853519 0.664625823 -0.115173370
1753377548230267648.000000 -2.905506372 2.180585623 0.037877519 0.176114649 -0.734574258 0.631817281 -0.173756212
1753377548730385664.000000 -2.711687803 2.030435801 0.039374664 0.189664036 -0.712795734 0.655575931 -0.161771521
1753377549297188096.000000 -2.519195795 1.852926016 0.039307341 0.222453892 -0.712022483 0.634900630 -0.201095670
1753377549830652672.000000 -2.336244822 1.635406375 0.044296317 0.259301752 -0.682405114 0.615516663 -0.297027320
1753377550364120064.000000 -2.086932182 1.504870296 0.033634752 0.321802527 -0.678919077 0.585522592 -0.304426283
1753377550930931712.000000 -1.795787334 1.418199539 0.045725577 0.290483475 -0.678714395 0.618746519 -0.268549889
1753377551431058688.000000 -1.587204218 1.242788792 0.029343145 0.274723977 -0.686987579 0.608060896 -0.287813812
1753377551931184128.000000 -1.345436573 1.104480028 0.048500665 0.380813926 -0.637010574 0.565527916 -0.359689564
1753377552431307008.000000 -1.105032682 1.079616785 0.039844505 0.384601086 -0.623948216 0.576722741 -0.360779077
1753377552931426816.000000 -0.862373352 1.045923114 0.043139502 0.323759884 -0.673517048 0.594789565 -0.296276420
1753377553464886528.000000 -0.641973376 0.913011074 0.030024467 0.263415724 -0.718186796 0.583956003 -0.271689922
1753377553998344704.000000 -0.453150660 0.808108568 0.028268205 0.206730634 -0.756105661 0.590481043 -0.192090735
1753377554531802368.000000 -0.258358181 0.771056950 0.025856543 0.109318517 -0.780331016 0.610037625 -0.083588108
1753377555031918848.000000 -0.152950153 0.723694921 0.028782295 0.042372715 -0.783768475 0.619572461 -0.006437303
1753377555532040192.000000 -0.163044333 0.642983317 0.033404078 0.043367255 -0.769881904 0.636682153 -0.006083131
1753377556065503488.000000 -0.112453967 0.624516487 0.041380338 -0.013272950 -0.756263494 0.653027594 0.038006306
1753377556565617152.000000 0.007326314 0.648986518 0.048537463 -0.101435222 -0.728279710 0.670971155 0.095484413
1753377557065728256.000000 0.070464216 0.751724839 0.065475717 0.080172740 0.687292755 -0.717097163 -0.083502352
1753377557565840128.000000 0.030964535 0.879717290 0.070139125 0.060734820 0.682169080 -0.726789057 -0.052291214
1753377558099292928.000000 -0.034734949 0.904226243 0.062942877 0.044178016 0.677326083 -0.732120037 -0.057253908
1753377558632754688.000000 -0.190381020 0.828752279 0.058638111 0.106478073 0.665430725 -0.728646815 -0.122222222
1753377559132875776.000000 -0.412615985 0.866116822 0.054934576 0.222352013 0.643614650 -0.699558020 -0.216652647
1753377559632988416.000000 -0.648433626 0.988491893 0.068074614 0.348690540 0.610172153 -0.621814787 -0.345617205
1753377560199784960.000000 -0.888458371 1.058464170 0.052472502 -0.500454247 -0.508393943 0.502524614 0.488416046
1753377561266721024.000000 -1.352306724 1.380706787 0.025605174 -0.667528927 -0.263126493 0.291159272 0.632768452
1753377561766842368.000000 -1.573066711 1.541333318 0.031142380 -0.651846111 -0.326708078 0.303583950 0.613347590
1753377564434114048.000000 -2.597148418 2.407975912 0.043009382 -0.664669573 -0.311865002 0.257024050 0.628405392
1753377566567944192.000000 -2.703245401 2.650675297 -0.259434372 -0.301774025 -0.673601091 0.602466166 0.303691447
1753377567668212992.000000 -2.376304150 3.141508341 -0.349804878 0.200853288 0.600741684 -0.726690531 -0.265872687
1753377570268828160.000000 -2.248192072 3.078151941 -0.384393811 -0.435950011 -0.386671811 0.542773008 0.604838729
1753377572369316864.000000 -2.237093925 3.020339012 -0.384196997 -0.458351165 -0.326093853 0.485849202 0.668975055
1753377575003276800.000000 -2.236540079 3.000057459 -0.393051445 -0.476990998 -0.273103714 0.441760957 0.709042490
1753377577537208064.000000 -2.356322765 2.990118742 -0.393705845 -0.551800966 -0.393139780 0.388208210 0.624700904
1753377580137844992.000000 -2.347201586 3.009422541 -0.395265579 -0.570947468 -0.363935798 0.384206116 0.627658665
1753377582671777792.000000 -2.464474440 2.924250126 -0.391645283 -0.625626206 0.021441480 -0.035934348 0.778999925
1753377583205237248.000000 -2.468715429 2.918394804 -0.394091189 -0.627955437 0.013262503 -0.037582722 0.777228236
1753377583738696704.000000 -2.452305794 2.913323402 -0.395703405 -0.622360051 0.024471013 -0.024447989 0.781966388
1753377584238816000.000000 -2.467189550 2.963829279 -0.406457096 -0.684122443 0.022289352 -0.040296722 0.727912068
1753377584772281088.000000 -2.477229834 2.985102654 -0.412622929 -0.703963399 0.006818585 -0.048380513 0.708553731
1753377585272403456.000000 -2.471534252 2.966224432 -0.404047132 -0.683440685 0.008922686 -0.039481085 0.728883028
1753377585772520704.000000 -2.470871925 2.919968843 -0.393453717 -0.627879441 0.050995689 -0.062525824 0.774117231
1753377586272638208.000000 -2.491535902 2.915165186 -0.391810000 -0.617464840 0.076425008 -0.098666623 0.776634574
1753377586806103552.000000 -2.509836197 2.922231674 -0.388021797 -0.609852374 0.101035632 -0.120989427 0.776681066
1753377587306226944.000000 -2.526408434 2.941690922 -0.388078749 -0.610332310 0.125881612 -0.150872409 0.767389059
1753377587806350848.000000 -2.543695211 2.949915886 -0.389795333 -0.607595563 0.135412514 -0.175008655 0.762799561
1753377588306474240.000000 -2.555594921 2.947935581 -0.388264418 -0.595329404 0.151938632 -0.199233398 0.763415813
1753377588806595584.000000 -2.579113483 2.946320295 -0.384329617 -0.555941701 0.182004690 -0.255364090 0.769800246
1753377589340060160.000000 -2.600776434 2.970490217 -0.388180435 -0.546048701 0.193973124 -0.299702108 0.757881105
1753377589873528064.000000 -2.606009960 2.974071503 -0.387115359 -0.530370116 0.214145914 -0.328749627 0.751513660
1753377590373650176.000000 -2.596228123 2.964255333 -0.386025220 -0.529226422 0.216397434 -0.323119730 0.754112244
1753377590873764608.000000 -2.602371216 2.997875690 -0.390420377 -0.530716777 0.211969241 -0.306898266 0.761066616
1753377591407217920.000000 -2.608732462 3.032396317 -0.394645780 -0.550424397 0.140527651 -0.257572234 0.781627417
1753377591907328768.000000 -2.611711264 3.037456274 -0.394192040 -0.542765021 0.181907654 -0.296125770 0.764607966
1753377592407439360.000000 -2.608567715 3.067987442 -0.396691710 -0.522992074 0.273737699 -0.401755929 0.700099409
1753377592907550208.000000 -2.608612299 3.072841406 -0.397598654 -0.491327941 0.315017313 -0.453148931 0.673807919
1753377593407664128.000000 -2.601886511 3.079902411 -0.392250180 -0.505444407 0.308074296 -0.460358679 0.661578536
1753377593907783936.000000 -2.598829746 3.079992056 -0.391905129 -0.491117686 0.322370946 -0.478475690 0.652641892
1753377594407906816.000000 -2.600599766 3.093149424 -0.393476397 -0.481609792 0.342232585 -0.503946900 0.630052686
1753377594908033280.000000 -2.602930069 3.094632626 -0.392776966 -0.465928078 0.364722908 -0.528198600 0.609011114
1753377595241448448.000000 -2.598676205 3.102340698 -0.391231954 -0.444094300 0.390274853 -0.555927873 0.584302962
1753377595541516544.000000 -2.591259003 3.117626905 -0.390519261 -0.427386135 0.407401592 -0.580822229 0.560366452
1753377595741560576.000000 -2.589406729 3.117656946 -0.389457941 -0.419520020 0.419996947 -0.591823936 0.545297980
1753377595874924544.000000 -2.589189768 3.118106365 -0.389100879 -0.410321236 0.430462897 -0.601356566 0.533580780
1753377595974947072.000000 -2.588958263 3.118317127 -0.389018059 -0.399336636 0.436198950 -0.611649573 0.525495648
1753377596141650176.000000 -2.589769840 3.119866133 -0.389686048 -0.374749571 0.447539240 -0.632422388 0.509228110
1753377596241673216.000000 -2.587496758 3.124565125 -0.389815956 -0.363741636 0.455501407 -0.642792284 0.497019678
1753377596308355584.000000 -2.586044550 3.129303694 -0.389781237 -0.359486401 0.459181428 -0.647997499 0.489919603
1753377596408378624.000000 -2.583581686 3.138012409 -0.389386863 -0.355205357 0.460950494 -0.655766428 0.480961800
1753377596475060736.000000 -2.581200600 3.142105818 -0.389224291 -0.353957653 0.461025864 -0.660626888 0.475122392
1753377596575082752.000000 -2.576334715 3.146569490 -0.389302433 -0.353745341 0.460073292 -0.666335583 0.468181193
1753377596641764864.000000 -2.575101614 3.148516893 -0.388819367 -0.354023725 0.459211081 -0.669380188 0.464459419
1753377596741788160.000000 -2.572951317 3.148644924 -0.387413919 -0.352144957 0.460450202 -0.674346387 0.457423866
1753377596808470272.000000 -2.572578430 3.148293257 -0.387096405 -0.348162144 0.464445472 -0.677573919 0.451627284
1753377596908493312.000000 -2.572269440 3.147291899 -0.387857854 -0.339625865 0.472413212 -0.682196617 0.442818105
1753377596975174400.000000 -2.573181391 3.146966457 -0.387606919 -0.332494438 0.476471543 -0.685880721 0.438166618
1753377597075197440.000000 -2.574124336 3.147351265 -0.387244344 -0.325348765 0.480965734 -0.689848006 0.432353884
1753377597141879296.000000 -2.573251486 3.148974657 -0.386973411 -0.324290335 0.484041959 -0.690090239 0.429318696
1753377597241902080.000000 -2.569328070 3.151138067 -0.387709737 -0.324684530 0.486885577 -0.689999402 0.425938189
1753377597408605440.000000 -2.568673849 3.153074026 -0.385672390 -0.327707410 0.482421100 -0.688604712 0.430930883
1753377597942056448.000000 -2.565361977 3.143999815 -0.380313784 -0.378964156 0.468638629 -0.637445331 0.480028600
1753377598442169856.000000 -2.603231668 3.105351925 -0.393044889 -0.423806280 0.413089335 -0.575933874 0.563955367
1753377598975626752.000000 -2.614154100 3.074074030 -0.397743255 -0.462317556 0.355652124 -0.515205562 0.627962828
1753377599475746304.000000 -2.613487720 3.044635534 -0.392745763 -0.494744509 0.315953344 -0.461789042 0.664945304
1753377599975868672.000000 -2.613613129 3.031217813 -0.393278837 -0.513140976 0.290041417 -0.420773089 0.689574122
1753377600475992832.000000 -2.609385729 3.004532337 -0.392580271 -0.527256727 0.254373968 -0.380337536 0.715987146
1753377600742726144.000000 -2.602852821 2.987102032 -0.391863644 -0.533386946 0.242255688 -0.351995766 0.730006576
1753377600976117504.000000 -2.599933863 2.978937626 -0.393410951 -0.539342105 0.222160891 -0.327874303 0.743137360
1753377601476233728.000000 -2.589252949 2.959370613 -0.392644614 -0.554662228 0.183177873 -0.273494810 0.764196515
1753377601976343040.000000 -2.571013689 2.934578896 -0.388864636 -0.561120749 0.143971026 -0.218151376 0.785382688
1753377602509804800.000000 -2.554888487 2.918435097 -0.390972614 -0.567836225 0.108455926 -0.167757317 0.798534214
1753377603043272960.000000 -2.524898529 2.900824785 -0.389160991 -0.571054757 0.055989109 -0.099390134 0.812947333
1753377603576740352.000000 -2.494250298 2.891102076 -0.393426597 -0.573473096 0.024609454 -0.036600433 0.818036377
1753377604110207232.000000 -2.463397264 2.886434793 -0.389970660 -0.571211815 -0.040278509 0.041231681 0.818776309
1753377604610323712.000000 -2.421685219 2.884036064 -0.387629420 -0.556284189 -0.073262043 0.112447545 0.820083082
1753377607110933760.000000 -2.293771744 3.007090569 -0.383140743 -0.506336331 -0.332324356 0.424741060 0.672888756
1753377609678193152.000000 -2.294317722 3.165841579 -0.370594174 0.305855513 0.524420500 -0.678034425 -0.414372921
1753377611245222656.000000 -2.351263285 3.228358269 -0.367002279 0.144152477 0.586308062 -0.772952497 -0.194955125
1753377611778683648.000000 -2.340826750 3.233069897 -0.369657487 0.162193164 0.564389884 -0.776872337 -0.227215350
1753377613879167488.000000 -2.297616482 3.072932720 -0.386994660 -0.420322806 -0.385517299 0.589846492 0.571652353
1753377614412625408.000000 -2.340438843 3.032486677 -0.385062099 -0.440775514 -0.383572131 0.541553080 0.604408503
1753377614979419392.000000 -2.367321730 2.990351439 -0.387895495 -0.490828127 -0.330664426 0.459081948 0.662565172
1753377615479540224.000000 -2.411326885 2.947547197 -0.396537542 -0.579533935 -0.235213026 0.334145099 0.705097437
1753377615979666944.000000 -2.464022160 2.921561956 -0.394600153 -0.586937547 -0.222792014 0.292485237 0.721332431
1753377616479792640.000000 -2.508486748 2.906876087 -0.398677528 -0.605127990 -0.197533756 0.226799995 0.737131119
1753377617046600704.000000 -2.573233366 2.899300575 -0.402712166 -0.644571900 -0.106450431 0.116938516 0.748011291
1753377617580056064.000000 -2.635630369 2.884077311 -0.398716003 -0.647184372 0.003091365 -0.023749325 0.761957169
1753377618080166144.000000 -2.649582148 2.865933418 -0.406171679 -0.644537449 0.013590656 -0.056701325 0.762346268
1753377618613629184.000000 -2.653759718 2.876824141 -0.402129859 -0.642714977 0.073592052 -0.099635758 0.756025434
1753377619147095296.000000 -2.665821075 2.871450663 -0.402733207 -0.637864351 0.089824177 -0.119647995 0.755476713
1753377619647217152.000000 -2.665950775 2.877550840 -0.399749100 -0.639004946 0.096507713 -0.125789061 0.752685845
1753377620180682752.000000 -2.664513826 2.882188797 -0.399290830 -0.641816735 0.091280244 -0.121455967 0.751656651
1753377620714144000.000000 -2.648321629 2.884773493 -0.402896285 -0.651205063 0.042317405 -0.069176033 0.754556775
1753377621247604736.000000 -2.618141890 2.881963730 -0.401098013 -0.647401869 -0.008128881 -0.003385720 0.762098014
1753377621781060864.000000 -2.597894430 2.886858702 -0.399527729 -0.641564846 -0.053781167 0.056459550 0.763095379
1753377622314519040.000000 -2.585249662 2.893495321 -0.395323634 -0.624556720 -0.134938329 0.149043724 0.754656613
1753377622814643712.000000 -2.557416439 2.907946348 -0.392079949 -0.601446331 -0.219571695 0.249136388 0.726623476
1753377623314764800.000000 -2.534074068 2.938990116 -0.391369730 -0.579128504 -0.294175774 0.328118533 0.685863793
1753377623814877184.000000 -2.507706642 2.971205235 -0.386416823 -0.528402448 -0.380580485 0.412022531 0.637327790
1753377624348331264.000000 -2.470177650 2.997997284 -0.379567653 -0.483011603 -0.417848557 0.481862992 0.599925458
1753377624848446464.000000 -2.468629360 3.020088196 -0.376089782 -0.431638509 -0.478772223 0.548653543 0.532395244
