1753297853336494336.000000 0.003666839 -0.031821579 0.016082961 -0.670181036 0.017888013 -0.012028086 0.741884649
1753297853603225088.000000 -0.009457825 -0.020065896 0.012818136 -0.666668773 0.008118329 -0.002884380 0.745304346
1753297853903297280.000000 -0.034150694 0.016776402 0.003497612 -0.664271474 -0.016865898 0.009977308 0.747234583
1753297854203369728.000000 -0.052777473 0.116894685 -0.006249821 -0.680261016 -0.033909801 0.017047884 0.731986701
1753297854770170368.000000 0.001045648 0.394101173 0.007144317 -0.632183492 -0.157377839 0.211877063 0.728480816
1753297855036900352.000000 -0.058959730 0.497310787 0.017189879 -0.612746358 -0.215912595 0.264847875 0.712586343
1753297855303629568.000000 -0.179905549 0.566698909 0.008958399 -0.604068279 -0.224987209 0.259897023 0.718982577
1753297855570362624.000000 -0.321958572 0.636667013 0.026220750 -0.603357673 -0.210433289 0.259011656 0.724286079
1753297855837094400.000000 -0.449639142 0.725736141 0.031622093 -0.615548313 -0.202115953 0.247759983 0.720322430
1753297857837591296.000000 -1.290724397 1.607403278 0.019148439 -0.676981032 0.034294344 0.056243017 0.733046591
1753297858871186944.000000 -1.510648608 2.207033396 0.042668279 -0.654862881 0.040904991 -0.055083394 0.752626956
1753297859171263232.000000 -1.517911673 2.394106150 0.037373155 -0.677039564 0.068972230 -0.060577411 0.730199158
1753297859538025216.000000 -1.478595734 2.641099691 0.028037377 -0.678921342 0.033018820 0.009989120 0.733400166
1753297862005336832.000000 -1.823174119 3.998550177 0.050015762 -0.602471530 -0.331690013 0.300470024 0.660853744
1753297864772763136.000000 -3.137490273 4.313583374 0.076845884 0.351140857 0.577083886 -0.626682520 -0.388514340
1753297865139535104.000000 -3.304556608 4.246036530 0.086907737 0.220867291 0.657360435 -0.676732481 -0.247240931
1753297867073451776.000000 -3.416777372 3.345317841 0.047734827 0.022090778 -0.757669747 0.649120450 -0.063963324
1753297867340195072.000000 -3.377096176 3.223422050 0.038966030 0.048770152 -0.767586291 0.635298312 -0.069490641
1753297867673619968.000000 -3.279721022 3.098549128 0.033570688 0.056084547 -0.750333190 0.657273829 -0.042963088
1753297868040388864.000000 -3.196744680 2.951171398 0.046927162 0.044364277 -0.742852926 0.666875839 -0.038445558
1753297868407157248.000000 -3.161836386 2.780290365 0.037715875 0.019197542 -0.746806681 0.664158940 -0.028359067
1753297868740583168.000000 -3.132179022 2.607326269 0.047303908 0.013884106 -0.734159529 0.678336799 -0.026004398
1753297869074009600.000000 -3.061774492 2.467513084 0.058527581 0.051870063 -0.721781611 0.689177275 -0.037089013
1753297869574145536.000000 -2.874050140 2.265731812 0.047725197 0.124700472 -0.709297240 0.686173022 -0.102536984
1753297870040936192.000000 -2.726702690 2.081676483 0.054963961 0.152322620 -0.701638997 0.679644644 -0.150278792
1753297870341017344.000000 -2.647487164 1.929640055 0.045951761 0.174621493 -0.682705879 0.677831054 -0.209678784
1753297870741132800.000000 -2.503950357 1.734782815 0.061863150 0.235654309 -0.671867430 0.651115239 -0.262888312
1753297871174591744.000000 -2.305965900 1.606295705 0.045384347 0.300581276 -0.648758054 0.632328570 -0.298202008
1753297871474680832.000000 -2.153271914 1.538072348 0.061374117 -0.316371977 0.613119423 -0.651251674 0.316013545
1753297871974829568.000000 -1.947828650 1.357367754 0.055204526 -0.334394991 0.615638375 -0.624625504 0.344981879
1753297872374947072.000000 -1.775734544 1.199444413 0.065063670 0.398882568 -0.579291582 0.579429984 -0.411794752
1753297872608345344.000000 -1.667477369 1.157702446 0.064477354 0.457410365 -0.549211979 0.536171913 -0.449067652
1753297872841744384.000000 -1.558328986 1.141974688 0.055627074 0.482420713 -0.534846008 0.517007709 -0.462507486
1753297873308541952.000000 -1.325608969 1.158611894 0.056324035 -0.459401667 0.536950052 -0.542929411 0.453720719
1753297873808679168.000000 -1.109494686 1.120704293 0.049378619 0.425813138 -0.574430108 0.556545317 -0.423049003
1753297874108761344.000000 -0.974373281 1.059271812 0.050238207 0.395418406 -0.589519322 0.568467617 -0.415879607
1753297874342156288.000000 -0.848279655 1.015937328 0.049505085 0.403499871 -0.610821784 0.554362655 -0.395937771
1753297874575550208.000000 -0.732627630 0.985938311 0.040979642 0.400948524 -0.652643919 0.536802173 -0.353750855
1753297874808942848.000000 -0.626309991 0.978673220 0.027518410 0.365353465 -0.694690883 0.548024833 -0.289119750
1753297875008994048.000000 -0.542411566 0.986997962 0.021606300 0.298481762 -0.729270995 0.572764754 -0.225860715
1753297875342413824.000000 -0.414135307 0.986724079 0.022523608 0.163962752 -0.784784853 0.585246980 -0.121305116
1753297875542469376.000000 -0.358542889 0.967216969 0.018095143 0.105276503 -0.804862559 0.580611885 -0.063268729
1753297876042606592.000000 -0.299012840 0.877488077 0.023455469 0.026049161 -0.787434459 0.614684701 -0.037829995
1753297876576084480.000000 -0.220831916 0.725948453 0.027345175 0.029961724 -0.789900661 0.611742973 -0.030490577
1753297879143432448.000000 0.228065848 0.428637058 0.032990724 -0.199360788 -0.746793389 0.593628645 0.223964274
1753297880610496256.000000 0.574884892 0.639499843 0.032420028 -0.303440571 -0.719377756 0.569913983 0.256159097
1753297881110637056.000000 0.695667267 0.644960880 0.032196589 -0.302170873 -0.720666587 0.572408438 0.248356819
1753297882010896896.000000 0.702068627 0.836395919 0.030091161 -0.307940453 -0.718802452 0.592479110 0.193556994
1753297882811125760.000000 0.452202648 0.739458978 0.037138760 -0.386681050 -0.660765886 0.558390200 0.319478780
1753297883678033408.000000 0.047681425 0.908639073 0.052184850 -0.493878126 -0.550321043 0.516563892 0.431732386
1753297883978115584.000000 -0.090516567 0.908686757 0.050151210 -0.505241454 -0.545337915 0.494106799 0.450772941
1753297884244853760.000000 -0.222854242 0.885690808 0.034044527 -0.525171578 -0.515162051 0.468979537 0.488734186
1753297884478246912.000000 -0.357091337 0.868505538 0.041157518 -0.567236602 -0.464787096 0.424125433 0.531350315
1753297884711638272.000000 -0.467475384 0.891209602 0.031393707 -0.622444749 -0.390162498 0.367091388 0.570595920
1753297885011712256.000000 -0.604658008 0.987450540 0.007507667 -0.670602262 -0.313802332 0.308325291 0.597290814
1753297885911951104.000000 -1.006045341 1.294366837 0.006798344 -0.715776265 -0.210619822 0.201872796 0.634469151
1753297887879187712.000000 -1.495339751 2.301698446 0.019521441 -0.731548905 0.011989970 0.010799589 0.681598008
1753297888312645376.000000 -1.533526421 2.527040005 0.028527372 -0.729740977 0.067007892 -0.033696547 0.679597437
1753297888812785152.000000 -1.486526489 2.837070942 0.021291532 -0.713429391 0.071301378 0.008713575 0.697035730
1753297889679686912.000000 -1.620525002 3.323850393 0.026957784 -0.703471780 0.016334539 -0.014879064 0.710379720
1753297890179816960.000000 -1.678801060 3.593558550 0.033247411 -0.716960132 0.016190015 0.007930092 0.696881115
1753297891546868992.000000 -2.156379223 4.140976429 0.059520263 -0.624067605 -0.310425252 0.299466878 0.651533186
1753297893880853504.000000 -3.180273771 4.213789463 0.085182972 0.379418492 0.550275981 -0.612853885 -0.421483129
1753297896681584384.000000 -3.352404833 2.985621452 0.044747636 -0.078793019 -0.775058031 0.625736535 0.039121870
1753297899482373120.000000 -2.896827221 1.840764761 0.061242953 -0.004378784 -0.706891358 0.707148552 0.015045720
1753297899949170944.000000 -2.774126053 1.623844266 0.046051554 0.078446262 -0.730012476 0.673047304 -0.089080803
1753297900449310720.000000 -2.568590641 1.439635515 0.048452891 0.246445864 -0.724975765 0.604622781 -0.219330758
1753297900949448704.000000 -2.305709839 1.449493289 0.044441056 0.306224674 -0.680992246 0.615497649 -0.252267122
1753297901482930944.000000 -2.042507648 1.438414335 0.047731325 0.374392390 -0.650304139 0.576855183 -0.322758406
1753297901983076608.000000 -1.787734747 1.354005933 0.042394832 0.462317765 -0.590044856 0.507125437 -0.425362378
1753297902483217920.000000 -1.539866328 1.311064005 0.040014111 0.486013502 -0.586234927 0.490618497 -0.423571736
1753297902983353344.000000 -1.290714145 1.357248902 0.043311737 0.450164378 -0.586269140 0.550726354 -0.387738407
1753297903483487232.000000 -1.081585526 1.292815566 0.040154807 0.395731390 -0.635133147 0.571683049 -0.336423874
1753297903950276608.000000 -0.887426317 1.155432463 0.040935114 0.337470323 -0.667651713 0.592833936 -0.298165947
1753297904450408704.000000 -0.694837749 1.079177976 0.039034501 0.274024636 -0.715159595 0.605449677 -0.216536269
1753297904950541312.000000 -0.476654112 1.077961087 0.043815978 0.157175764 -0.733902991 0.649032116 -0.124256171
1753297905484016896.000000 -0.354381770 0.998132765 0.037224084 0.074909829 -0.758175731 0.645583153 -0.052730903
1753297905984153600.000000 -0.294293553 0.883503437 0.034745492 0.027600773 -0.764205217 0.643003345 -0.042135328
1753297906484778496.000000 -0.206415266 0.854154587 0.040688876 0.015849754 -0.763017476 0.646085382 -0.011261947
1753297908520437504.000000 0.089606173 0.846523583 0.029654214 0.081463628 -0.767960608 0.634831727 -0.024265176
1753297909020455936.000000 0.236270130 0.744653106 0.031726915 0.215323389 -0.733641148 0.622348011 -0.167599142
1753297909453800192.000000 0.373453766 0.664748192 0.041267656 0.328293294 -0.692966342 0.574467719 -0.286370456
1753297909887143168.000000 0.537590683 0.632727683 0.027620845 0.390490144 -0.675645888 0.541661978 -0.312445790
1753297910187143680.000000 0.654665828 0.650510848 0.036460191 0.377017528 -0.665928185 0.564125597 -0.310096383
1753297910653829888.000000 0.803760231 0.671614170 0.043559283 0.381737858 -0.650253594 0.572897255 -0.321302295
1753297911153843968.000000 0.940256000 0.603518188 0.043827541 -0.538561523 0.529355645 -0.459661216 0.467381865
1753297911553859840.000000 1.029315829 0.546515822 0.048364475 -0.651844740 0.386458755 -0.308004588 0.575222850
1753297911887204864.000000 0.982963502 0.533484399 0.055076838 -0.694828629 0.233590975 -0.175515175 0.657147527
1753297912187209472.000000 0.863752365 0.506866813 0.052096248 -0.716424763 0.045236733 -0.036338802 0.695247352
1753297912287211008.000000 0.825194299 0.493238807 0.051251370 -0.717018187 -0.003756073 0.002639280 0.697039366
1753297912387217664.000000 0.789738059 0.480961591 0.048955984 -0.715929747 -0.044389118 0.035371117 0.695861459
1753297912553893888.000000 0.737564087 0.466367066 0.043116912 -0.710479915 -0.108045824 0.089841858 0.689545393
1753297912820573696.000000 0.673693419 0.468249857 0.041108880 -0.696981728 -0.189134806 0.163193539 0.672169864
1753297913187251200.000000 0.569019973 0.551273406 0.030427113 -0.678842247 -0.275649041 0.251035661 0.632591486
1753297913487265792.000000 0.463236749 0.642203808 0.038469788 -0.648091614 -0.335779220 0.325015455 0.601327360
1753297913753946880.000000 0.369151950 0.686449051 0.048090287 -0.618722618 -0.385242015 0.376143754 0.572089911
1753297914020622592.000000 0.268636107 0.697814703 0.045368876 -0.599617362 -0.419068485 0.408681095 0.545729160
1753297914320630272.000000 0.139269501 0.659465849 0.040459026 -0.589260757 -0.419855833 0.408139318 0.556700230
1753297915587343360.000000 -0.406760842 0.832641721 0.040729601 -0.622169077 -0.369541764 0.413794756 0.552375376
1753297916087344384.000000 -0.633827746 0.885902703 0.028265808 -0.635073900 -0.373800546 0.377717853 0.560610056
1753297916855399680.000000 -1.010179400 0.983174384 0.022817789 -0.700676799 -0.222646251 0.195654511 0.648999214
1753297918790107392.000000 -1.475199580 1.897586107 0.006794745 -0.756666064 0.053074408 -0.024459774 0.651184618
1753297919290582784.000000 -1.436767817 2.227285862 -0.001406248 -0.778695941 0.020669023 0.029609600 0.626361489
1753297920356912384.000000 -1.578801394 2.809083700 -0.006798032 -0.806693673 0.038848747 -0.038834248 0.588411510
1753297920923390208.000000 -1.508342147 3.127194643 -0.025043163 -0.807548463 0.076891884 -0.010871549 0.584666610
1753297921456519680.000000 -1.490139365 3.421622992 -0.012733956 -0.823947310 0.017354902 0.023407850 0.565916836
1753297923056994304.000000 -1.789336324 4.115149498 0.031577878 -0.685465991 -0.337697387 0.259607881 0.590508819
1753297923590663936.000000 -1.932460904 4.241683960 0.049820919 -0.617249668 -0.443607807 0.364155620 0.538150311
1753297924157272832.000000 -2.145423174 4.233401775 0.062236149 -0.592132032 -0.414879203 0.369161516 0.583930492
1753297926823678208.000000 -3.159905434 4.040130615 0.074142911 0.235766083 0.648946524 -0.680041730 -0.246629655
1753297927356955136.000000 -3.368438482 3.847477198 0.082585603 0.110786691 0.679910958 -0.721998930 -0.064537123
1753297930123396864.000000 -3.208778858 2.562849760 0.020854896 -0.066966496 -0.808689356 0.582711220 0.044551142
1753297931223306496.000000 -3.156575680 2.132138014 0.032638319 -0.018013356 -0.780218065 0.623290241 -0.049443994
1753297931789927680.000000 -3.068898916 1.934884787 0.037987631 0.098945953 -0.768560529 0.623486102 -0.103872642
1753297932323199232.000000 -2.915725231 1.797491908 0.048248954 0.094989255 -0.730082095 0.671675146 -0.082521357
1753297932823847168.000000 -2.811671734 1.628223181 0.044115268 0.138039291 -0.727972150 0.658908367 -0.129774719
1753297933324613376.000000 -2.712491751 1.407690287 0.053287368 0.218519807 -0.691892684 0.647723138 -0.232353926
1753297933824723712.000000 -2.537434340 1.309073448 0.053358547 0.327823669 -0.661605179 0.603276789 -0.301442236
1753297934324814848.000000 -2.308408976 1.340639591 0.058435209 0.359497368 -0.624363065 0.605028272 -0.338929534
1753297934825217536.000000 -2.107913494 1.358757734 0.055719763 0.380514115 -0.612219751 0.606377244 -0.335712135
1753297935325678080.000000 -1.880551815 1.301436305 0.050886422 0.475747168 -0.534641683 0.514898181 -0.471914083
1753297935859168000.000000 -1.690018177 1.368669271 0.045992695 -0.597861290 0.411319911 -0.402891010 0.557724476
1753297936359308544.000000 -1.623490334 1.569125056 0.033175014 -0.663747728 0.296515614 -0.313872337 0.610738575
1753297936859451648.000000 -1.573527455 1.743844628 0.026488725 -0.712278724 0.179758504 -0.195824936 0.649614096
1753297937359594752.000000 -1.490630865 1.978683591 0.018164460 -0.731569111 0.097445913 -0.072370723 0.670875192
1753297937859734272.000000 -1.459612489 2.244990110 0.008027038 -0.774901986 0.058112599 -0.025947776 0.628869355
1753297938359875328.000000 -1.542734504 2.500458241 0.004051241 -0.774219334 0.073139794 -0.050525073 0.626643538
1753297938893369088.000000 -1.572582960 2.736417770 0.010141538 -0.761876583 0.093565248 -0.061421335 0.637979031
1753297939393520640.000000 -1.525092363 2.993605137 0.012428730 -0.742867708 0.064382143 -0.004751822 0.666318178
1753297939893670400.000000 -1.575594425 3.225943089 0.015111390 -0.744941473 0.015252220 -0.005290870 0.666934490
1753297940393819904.000000 -1.678061366 3.448171377 0.026083460 -0.718495250 0.017046463 -0.039655462 0.694191337
1753297940927301632.000000 -1.698475718 3.699536324 0.018416824 -0.740747213 0.027364712 -0.014633059 0.671066821
1753297943528039936.000000 -2.594327211 4.377500534 0.072757371 -0.546500564 -0.451985061 0.453880370 0.539480627
1753297945561931264.000000 -3.423514128 4.119220734 0.068770140 -0.257256359 -0.688063860 0.635321438 0.238231152
1753297947629168640.000000 -3.392177820 3.297971010 0.042749308 -0.018362120 -0.732919157 0.679385006 -0.030471250
1753297948162648064.000000 -3.361238003 3.064622402 0.044215053 0.039124299 -0.749517798 0.659253478 -0.045577805
1753297950229893376.000000 -3.244802237 2.147753716 0.040368337 0.051590923 -0.769697726 0.634523869 -0.047782835
1753297950763375616.000000 -3.122639656 1.978663921 0.046097010 0.023801398 -0.743505180 0.668207705 -0.011493428
1753297950963431680.000000 -3.074606895 1.918835044 0.045097675 0.018126054 -0.739974916 0.672348678 -0.007472712
1753297951496913408.000000 -2.954522848 1.741292119 0.034527861 0.134929195 -0.740568340 0.649495065 -0.107279487
1753297952030394880.000000 -2.820495129 1.524232149 0.045909651 0.270751983 -0.701466978 0.611884415 -0.245428011
1753297952563875328.000000 -2.625083923 1.453051925 0.037096970 0.374094963 -0.670857131 0.557518363 -0.314923882
1753297953097357568.000000 -2.391794682 1.491908789 0.047309205 0.392032653 -0.631107152 0.581321239 -0.331782907
1753297953630839040.000000 -2.179727316 1.464801908 0.039895765 0.430634379 -0.601434529 0.543396235 -0.396927208
1753297954164320768.000000 -1.914320111 1.426980972 0.048192762 -0.502607942 0.528090000 -0.460854143 0.506082773
1753297954664463104.000000 -1.753204465 1.556978106 0.029370558 -0.646443605 0.364353240 -0.335468203 0.580360770
1753297955164608512.000000 -1.675239921 1.781000733 0.031499978 -0.672624171 0.255990267 -0.312864780 0.619807601
1753297955698096640.000000 -1.572791815 1.968237758 0.027360193 -0.708019555 0.160305843 -0.184919775 0.662431240
1753297956198243584.000000 -1.463937044 2.196975231 0.034080569 -0.705744922 0.065038241 -0.046579681 0.703935087
1753297956698386944.000000 -1.494475842 2.391032934 0.026380025 -0.700593710 0.003348096 0.003254372 0.713545203
1753297957231871232.000000 -1.610886931 2.619303942 0.039359249 -0.667806745 0.007679137 -0.054100882 0.742326319
1753297957765360384.000000 -1.608016014 2.856735706 0.031965945 -0.674308896 0.031899787 -0.024733009 0.737345397
1753297958265509120.000000 -1.577961802 3.124303818 0.043165673 -0.669324696 -0.000208614 0.049706452 0.741305411
1753297958765656576.000000 -1.647851110 3.342728853 0.035301685 -0.682946265 -0.003427950 0.000177116 0.730460584
1753297959265805824.000000 -1.737320423 3.551408529 0.045656689 -0.673073709 0.058501404 -0.089932933 0.731752276
1753297959765948672.000000 -1.782114744 3.763234377 0.037025653 -0.699958324 -0.029310498 0.017784743 0.713360369
1753297960266090752.000000 -1.829841971 4.017835140 0.052332569 -0.659782410 -0.181879655 0.223867610 0.693895102
1753297960766232832.000000 -1.982772112 4.164190292 0.057575416 -0.615925670 -0.331280202 0.365943938 0.613982141
1753297961266374912.000000 -2.194691658 4.159452915 0.066445857 -0.588959932 -0.312333435 0.346861631 0.659743190
1753297961766516480.000000 -2.412639380 4.209030151 0.063821584 -0.602544904 -0.319686562 0.348159403 0.643059254
1753297962300001024.000000 -2.681788683 4.337738514 0.073522978 -0.555780649 -0.382581592 0.463531137 0.574350238
1753297962833494784.000000 -2.906968594 4.335369587 0.075829394 -0.525440156 -0.438941181 0.480163306 0.548349023
1753297963333647360.000000 -3.093977928 4.218099594 0.077338055 -0.474487752 -0.452083975 0.500019312 0.566093802
1753297963867131648.000000 -3.262439728 4.117734432 0.077249914 0.394763321 0.564161301 -0.572516918 -0.445093781
1753297964367273216.000000 -3.416618586 3.985032797 0.077469967 0.265807003 0.630976140 -0.672740936 -0.280419976
1753297964867425536.000000 -3.522927284 3.809513569 0.083236054 0.147465900 0.685548007 -0.698851764 -0.141010448
1753297965400921344.000000 -3.454861164 3.609842777 0.068617836 0.078705437 0.684041381 -0.720241964 -0.084524967
1753297965901068032.000000 -3.399929762 3.417592525 0.073053382 0.095175706 0.683096170 -0.717419505 -0.098135352
1753297966434557440.000000 -3.445682526 3.198882103 0.059165757 0.110815339 0.670448482 -0.730626225 -0.066363700
1753297966934696960.000000 -3.465324879 2.972819328 0.071765020 0.052748300 0.685749948 -0.725747168 -0.015989488
1753297967434836480.000000 -3.363396406 2.770027637 0.059549198 0.007100002 0.686550379 -0.726356864 -0.031684458
1753297967968320000.000000 -3.272767067 2.563170671 0.064089805 0.025571225 0.690904975 -0.720152497 -0.058110923
1753297968501806336.000000 -3.291111231 2.347038031 0.049109079 -0.038451336 -0.710563600 0.702104568 0.025886953
1753297969035300096.000000 -3.292575359 2.091851473 0.051470634 -0.004881716 -0.732181430 0.681014478 -0.010290672
1753297969568790016.000000 -3.193209648 1.935497880 0.045551885 0.048356608 -0.735157728 0.675457716 -0.031012565
1753297970068928768.000000 -3.030380487 1.836456656 0.050849579 0.077836275 -0.706265211 0.702169478 -0.045706630
1753297970602991104.000000 -2.870970011 1.758983612 0.050733805 0.189835340 -0.692005098 0.681511819 -0.143642530
1753297971137816320.000000 -2.662870407 1.607547998 0.054056976 0.276822954 -0.664646149 0.635922015 -0.277880937
1753297971671811328.000000 -2.468264818 1.546899319 0.055065800 0.342214376 -0.640676558 0.610440731 -0.315887839
1753297972171821312.000000 -2.265225410 1.533650994 0.057853095 -0.323944598 0.625692487 -0.634806395 0.317158759
1753297972671840000.000000 -2.071555376 1.514300823 0.054639526 0.337083012 -0.640087247 0.616295755 -0.311195910
