1753377719003962880.000000 0.004299742 -0.016959565 0.004167241 -0.648544312 0.034986194 -0.002386602 0.760368705
1753377719270996736.000000 0.003960717 -0.014280791 0.004440099 -0.651793242 0.032147862 -0.002833034 0.757709801
1753377719537720064.000000 0.003436859 -0.014062731 0.004753840 -0.652081251 0.031641699 -0.003146561 0.757481992
1753377719804388096.000000 0.001043617 -0.011638798 0.003348200 -0.653065860 0.029159255 -0.002439261 0.756735623
1753377720071052032.000000 -0.009833580 0.001041811 0.001594739 -0.652813733 0.040330179 -0.012570375 0.756339669
1753377720337715200.000000 -0.029710855 0.036437366 -0.006838661 -0.664630115 0.056743421 -0.032651469 0.744298935
1753377720604388352.000000 -0.030232579 0.092933208 -0.008519212 -0.670117319 0.064506799 -0.042544823 0.738221943
1753377720871059200.000000 0.008771634 0.190389201 -0.018488631 -0.672191620 0.067319721 -0.025185885 0.736880124
1753377721437724928.000000 0.069974996 0.430677772 -0.004015961 -0.688126504 0.029215813 0.000537595 0.725002170
1753377721771062016.000000 0.051803824 0.547437966 -0.008356908 -0.695551634 0.038759399 -0.023536863 0.717043757
1753377721937726976.000000 0.025510946 0.609542191 -0.011299152 -0.694381177 0.051180493 -0.050140928 0.716031611
1753377722104391680.000000 0.003457598 0.677883327 -0.006036715 -0.691339374 0.071261831 -0.067909546 0.715793252
1753377722304385792.000000 -0.001377137 0.764612198 -0.011904902 -0.703872621 0.093883790 -0.058293447 0.701677382
1753377722471052800.000000 0.006540612 0.818271339 -0.011916285 -0.705487013 0.112642974 -0.071686037 0.696032166
1753377722704384000.000000 0.037659593 0.874004066 -0.013696652 -0.699268818 0.129373729 -0.097037978 0.696325481
1753377722937710848.000000 0.097841308 0.922843099 -0.015229053 -0.690833926 0.152998745 -0.115001962 0.697219074
1753377723137703168.000000 0.144307822 0.967497706 -0.009394760 -0.685146928 0.154031932 -0.125454620 0.700791776
1753377723404365568.000000 0.175138101 1.017883301 -0.009058618 -0.690785587 0.154891372 -0.157952040 0.688385963
1753377723604373504.000000 0.201005220 1.058410168 -0.009212319 -0.693390191 0.183012292 -0.193461403 0.669544041
1753377723837712896.000000 0.234670192 1.105831981 -0.011997102 -0.678327203 0.239144027 -0.261899501 0.643499076
1753377724037716736.000000 0.281293005 1.145941138 -0.010698454 -0.656686187 0.301359683 -0.321785003 0.611882329
1753377724537718016.000000 0.407551914 1.185777903 -0.020712400 -0.552638352 0.479921192 -0.461057663 0.501689553
1753377724604384768.000000 0.423730880 1.185065269 -0.021682650 -0.547346413 0.490176052 -0.468223423 0.490821958
1753377724737717248.000000 0.459152400 1.176650286 -0.023591181 -0.542909443 0.499645293 -0.472697586 0.481830865
1753377724871048448.000000 0.493587911 1.159402013 -0.027057525 -0.542477787 0.501189649 -0.472814083 0.480597228
1753377725171039232.000000 0.572660446 1.098637819 -0.031918511 -0.545523345 0.497135520 -0.454648405 0.498553336
1753377725538007808.000000 0.670956194 1.047456026 -0.034172490 -0.578664303 0.466991544 -0.427258581 0.514311790
1753377725971983104.000000 0.758884668 1.030699611 -0.029151332 -0.595436692 0.426824391 -0.415585816 0.539040327
1753377726272477440.000000 0.819315374 1.067561626 -0.025431843 -0.593881309 0.388009280 -0.434289306 0.555109501
1753377726705976320.000000 0.939347029 1.127344847 -0.023551712 -0.594161034 0.370398581 -0.424811989 0.573857427
1753377727006055424.000000 1.026460528 1.160335779 -0.022235535 -0.630331576 0.317638248 -0.356123745 0.612343013
1753377727272792832.000000 1.114200711 1.179323912 -0.020243488 -0.672063231 0.207646698 -0.243567482 0.667749107
1753377727539522048.000000 1.204886198 1.198218346 -0.009801971 -0.693575501 0.109613821 -0.156740978 0.694528759
1753377727839590400.000000 1.273899078 1.239693046 -0.011136420 -0.703605354 0.054573063 -0.091111086 0.702609420
1753377728273021696.000000 1.263329744 1.364077091 -0.015657019 -0.706049979 0.012789410 -0.054821335 0.705921054
1753377728573099520.000000 1.250384331 1.465053916 -0.014650451 -0.698638260 0.021829508 -0.051617119 0.713276803
1753377729006548992.000000 1.274755716 1.621861219 -0.020821907 -0.709786475 -0.013275025 -0.006521949 0.704261661
1753377729306630656.000000 1.358703256 1.750828385 -0.021677654 -0.699885249 -0.003529660 0.008153936 0.714200139
1753377729606704896.000000 1.413013697 1.895498276 -0.011144735 -0.702055752 -0.021563331 0.020285761 0.711506426
1753377729940120832.000000 1.416642308 2.054464579 -0.013578046 -0.709581196 -0.032976605 0.029134449 0.703248441
1753377730573611776.000000 1.363170385 2.340083599 -0.007668975 -0.693401814 -0.004977422 -0.000257083 0.720533907
1753377730940368384.000000 1.414692640 2.502706289 -0.017513080 -0.691351831 -0.025753099 0.014450216 0.721914589
1753377731307125504.000000 1.539098978 2.678174257 -0.003452213 -0.682450831 0.004170600 0.006708589 0.730888844
1753377731640531712.000000 1.580834031 2.838721752 -0.001141807 -0.682092428 0.011284916 0.000811271 0.731178463
1753377731940597760.000000 1.552631497 2.987607718 -0.010805502 -0.665276885 0.008481355 -0.028306281 0.746011794
1753377732340720384.000000 1.538082957 3.208573580 0.003460855 -0.676081777 0.030400814 -0.056253381 0.734046876
1753377732708337920.000000 1.582193017 3.407529831 -0.006025992 -0.667374790 0.035245400 -0.030879753 0.743246436
1753377733109443072.000000 1.627272844 3.645394087 0.009759289 -0.661022246 0.004409634 -0.001665172 0.750351548
1753377733476738560.000000 1.608710647 3.835272074 0.005600403 -0.663143218 -0.015253130 0.021444527 0.748029828
1753377734210046976.000000 1.529470801 4.230638504 0.012004247 -0.668948114 0.031836107 -0.027956922 0.742100656
1753377734610032640.000000 1.584904194 4.431066513 0.002408813 -0.654414594 0.049929172 -0.021535270 0.754178345
1753377735676656640.000000 1.556081653 4.981182098 0.019384349 -0.656853557 0.039482187 -0.074631214 0.749276161
1753377735809988864.000000 1.546482086 5.046893120 0.021225091 -0.659930646 0.054226756 -0.084124632 0.744630218
1753377736209977600.000000 1.557985067 5.233168602 0.016585261 -0.678624928 0.044890225 -0.056550100 0.730927646
1753377736509971200.000000 1.590191960 5.384615898 0.009036470 -0.680707037 -0.006812731 0.008186646 0.732478380
1753377736843295232.000000 1.594070792 5.572319508 0.018728204 -0.685434103 -0.099258050 0.094843775 0.715075254
1753377737209944064.000000 1.520688534 5.757810116 0.005283006 -0.687974095 -0.141154513 0.138633400 0.698246360
1753377737543271936.000000 1.425887227 5.921802998 0.021136813 -0.692883193 -0.072608538 0.079633400 0.712951243
1753377737876603392.000000 1.365745425 6.083649635 0.018327571 -0.706997812 -0.034974903 0.036255110 0.705419421
1753377738276593152.000000 1.347213745 6.293769360 0.011231049 -0.695110977 -0.068927258 0.085335262 0.710484087
1753377738643248640.000000 1.303075671 6.487998486 0.020587128 -0.704603016 -0.098123804 0.106426932 0.694679499
1753377739009895936.000000 1.207371593 6.643202782 0.008875294 -0.700653851 -0.077056378 0.065808132 0.706268966
1753377739343221248.000000 1.100010276 6.790574074 0.018832315 -0.694243193 -0.033885788 0.016924459 0.718743205
1753377739744188672.000000 1.068206787 6.975076675 0.016812116 -0.714035034 0.026168756 -0.017089257 0.699411988
1753377740044955904.000000 1.081820488 7.133074760 0.003592629 -0.713369012 0.022770461 0.012369376 0.700309396
1753377740445720064.000000 1.055498004 7.343924046 0.029412489 -0.695805550 -0.040805787 0.055423927 0.714924991
1753377740812299776.000000 0.972684443 7.482397556 0.026692059 -0.670118213 -0.099777840 0.081702985 0.730965495
1753377741178864128.000000 0.851450264 7.618628502 0.041891154 -0.637027383 -0.155597791 0.121675476 0.745104373
1753377741545438208.000000 0.746206343 7.749804497 0.050805900 -0.631956637 -0.188709468 0.153762192 0.735783100
1753377741878691840.000000 0.665313125 7.894659042 0.041303396 -0.624520838 -0.213718086 0.218557164 0.718701005
1753377742245257728.000000 0.527872026 8.016470909 0.049388103 -0.600844741 -0.310839057 0.286045492 0.678633034
1753377742611839744.000000 0.363380790 8.044875145 0.051544163 -0.571134031 -0.408541530 0.359624445 0.614467382
1753377742978417664.000000 0.189881876 8.011995316 0.062784053 -0.565465868 -0.417327255 0.381110102 0.600700796
1753377743311657472.000000 0.045932963 7.993068218 0.067141138 -0.574150085 -0.414002836 0.381867677 0.594247818
1753377743644909312.000000 -0.117896587 8.023027420 0.054321889 -0.566054702 -0.435589105 0.413033456 0.565020084
1753377744011474432.000000 -0.337038517 8.068503380 0.064150780 -0.521536946 -0.503566563 0.474258840 0.499498159
1753377744677957632.000000 -0.644150257 7.992973328 0.069728136 -0.435807794 -0.553963304 0.538702369 0.461514890
1753377745044524544.000000 -0.809570432 7.950629711 0.082994573 0.416671485 0.543197513 -0.562949300 -0.463043720
1753377745444410880.000000 -1.001564384 8.005162239 0.079649061 0.428575337 0.490200371 -0.582091331 -0.487028241
1753377745844314368.000000 -1.211979032 8.056443214 0.099096790 0.407183707 0.486015260 -0.613304555 -0.471007615
1753377746210875392.000000 -1.379460096 8.025498390 0.091887742 0.392785758 0.494340926 -0.621683478 -0.463525832
1753377746610778112.000000 -1.563632131 7.939983845 0.099235363 -0.385894239 -0.468722343 0.600491464 0.520379782
1753377747044002560.000000 -1.800978780 7.948676586 0.092364334 -0.421610951 -0.466375858 0.586433470 0.510718763
1753377747410568448.000000 -2.014076948 8.001001358 0.100445293 0.403174132 0.477934361 -0.611566365 -0.484784544
1753377747843802368.000000 -2.227284193 7.973232746 0.103896916 0.365245581 0.523783088 -0.637022674 -0.431797624
1753377748277014784.000000 -2.403920889 7.851369381 0.106062815 0.325923562 0.527653456 -0.641016245 -0.452165872
1753377748644003328.000000 -2.567498446 7.790865898 0.110770494 0.345200747 0.532774806 -0.644066572 -0.426808804
1753377749544915200.000000 -3.018636703 7.639469147 0.119123898 0.210231766 0.612905145 -0.721202850 -0.244982451
1753377749978248704.000000 -3.124695539 7.478837490 0.104818277 0.190534443 0.621660709 -0.722762585 -0.234198421
1753377750378240512.000000 -3.222225189 7.327561378 0.112266034 0.191124663 0.630749643 -0.719713688 -0.218262583
1753377750811573248.000000 -3.349305868 7.202585220 0.102149047 0.160312101 0.641728878 -0.731859148 -0.163909450
1753377751278226688.000000 -3.522534132 7.031184673 0.110694475 0.101030461 0.660982430 -0.735165417 -0.111476384
1753377751711562752.000000 -3.587325096 6.854103088 0.104106665 0.070210002 0.677997470 -0.728659570 -0.066672467
1753377752911551488.000000 -3.663027048 6.311899185 0.105117038 0.055548102 0.693662822 -0.717448831 -0.031835701
1753377753311536384.000000 -3.670112610 6.142369270 0.107842490 -0.007695725 0.700967610 -0.713021040 0.013646411
1753377753811537920.000000 -3.587372303 5.921284676 0.108944289 -0.001874533 0.688401759 -0.725290358 0.007308804
1753377754178198016.000000 -3.557100296 5.753863811 0.107489705 0.074591808 0.694209754 -0.714539468 -0.044072084
1753377754611525632.000000 -3.607944727 5.505638599 0.104688615 0.074013971 0.691348076 -0.718678534 0.007805406
1753377755011516672.000000 -3.609373331 5.317097664 0.104922153 -0.011606716 -0.707582593 0.705528915 -0.037697263
1753377755411595008.000000 -3.573022366 5.159533024 0.102603845 0.049326535 0.696924150 -0.715167820 -0.019967545
1753377755812157440.000000 -3.544747353 4.972242355 0.111609899 0.112264626 0.689294636 -0.709573805 -0.093673058
1753377756312961024.000000 -3.584747314 4.738753796 0.095460981 0.113590322 0.693110228 -0.708538830 -0.068324663
1753377756679758336.000000 -3.647053719 4.549200058 0.108653367 0.080744267 0.687697530 -0.720460355 -0.038594276
1753377757079856384.000000 -3.626426220 4.335757732 0.105708987 0.011939486 0.704459250 -0.709445119 -0.016800156
1753377757546638080.000000 -3.558487177 4.075973511 0.108374313 -0.030043984 -0.708170116 0.702755332 0.061052483
1753377757980078336.000000 -3.567563772 3.870141506 0.102976225 -0.056651860 -0.720521629 0.687988043 0.065663725
1753377758480199424.000000 -3.608891964 3.593065500 0.107374027 0.000186577 -0.720138013 0.693750620 -0.010555023
1753377758880289536.000000 -3.577865124 3.420502901 0.113392361 0.036985628 -0.708288431 0.703066289 -0.051549710
1753377759380402688.000000 -3.443687916 3.230192423 0.118724555 -0.013778439 0.671596646 -0.740660906 0.013772442
1753377759913856000.000000 -3.351679325 2.963542223 0.109125085 -0.035891332 0.698744118 -0.712118089 0.057933908
1753377760313945088.000000 -3.284115076 2.742174149 0.124980941 -0.112835348 0.683262050 -0.705703497 0.149678722
1753377760714031104.000000 -3.169254065 2.559035063 0.120895147 0.180215001 -0.687876999 0.677216768 -0.189011484
1753377761080775168.000000 -3.030220747 2.429671049 0.115581051 -0.171421528 0.680193305 -0.692766666 0.167410150
1753377761614226688.000000 -2.864938974 2.245735168 0.119019911 0.160418436 -0.685890675 0.689524949 -0.168449849
1753377762014318592.000000 -2.750254869 2.045195580 0.112772584 0.186427847 -0.678452790 0.674664378 -0.223102197
1753377762547776768.000000 -2.556039810 1.853973031 0.118983142 0.254652202 -0.676156402 0.641906440 -0.256750822
1753377762947872000.000000 -2.372645140 1.788568258 0.125519112 -0.279076546 0.644368052 -0.657396078 0.273379773
1753377763381308672.000000 -2.176976681 1.696759820 0.129669040 -0.315671057 0.630454898 -0.640324771 0.304733634
1753377763748062976.000000 -2.040798664 1.573137999 0.111692548 0.363644153 -0.607005119 0.604754269 -0.365485907
1753377764148158720.000000 -1.866133213 1.420826793 0.122284934 0.442138672 -0.567432344 0.547826886 -0.427106053
1753377764681616384.000000 -1.602059007 1.353032827 0.105138212 0.506026804 -0.547484517 0.494191617 -0.447182626
1753377765181730816.000000 -1.348395824 1.350354910 0.113013357 0.476253033 -0.571852922 0.527036190 -0.410366058
1753377765681849600.000000 -1.130119681 1.272902489 0.102175765 0.463016331 -0.594235659 0.522121310 -0.399861515
1753377766081946112.000000 -0.946897030 1.189550877 0.107921936 0.443122059 -0.621003747 0.524356663 -0.378215879
1753377766415360000.000000 -0.820468366 1.157321334 0.107179895 0.385437697 -0.669801712 0.545023441 -0.325196803
1753377766748772608.000000 -0.713393867 1.151330590 0.112371750 0.244916365 -0.729498982 0.600123823 -0.218400255
1753377767082186752.000000 -0.637183368 1.134338617 0.111217447 0.141774833 -0.763259351 0.620856941 -0.108957916
1753377767615649280.000000 -0.601021230 1.032767296 0.107188217 0.101689659 -0.776824772 0.618416190 -0.061351165
1753377768115769856.000000 -0.542317152 0.917053699 0.097589076 0.136384428 -0.782828689 0.603474736 -0.066308446
1753377768482526464.000000 -0.456841856 0.835019767 0.093948916 0.094293490 -0.784106851 0.612266839 -0.037610453
1753377768782599424.000000 -0.374600708 0.762056470 0.098020747 0.047108579 -0.788261890 0.613504052 -0.006071556
1753377769282721792.000000 -0.313098758 0.635978341 0.093749963 0.020285420 -0.793458164 0.607929289 0.020849258
1753377769816181248.000000 -0.318241745 0.466926664 0.085809395 0.029330535 -0.802922428 0.595342338 -0.004774755
1753377770349638912.000000 -0.270931959 0.408260733 0.086307012 0.009896099 -0.815392613 0.578752577 0.009078023
1753377771916681216.000000 -0.226675451 0.642471194 0.078055657 0.008250231 -0.820962489 0.570910811 0.003659457
1753377773483716352.000000 -0.095951773 0.825536013 0.106011800 -0.099319249 -0.779397249 0.611814380 0.091426723
1753377774850713344.000000 -0.388058573 0.954582393 0.123018540 -0.135455906 -0.725359678 0.665935397 0.109704860
1753377775584214784.000000 -0.613894403 0.826076984 0.139259100 -0.370886773 -0.636205435 0.579737842 0.348697126
1753377775917621248.000000 -0.718535364 0.842093945 0.141814321 -0.474205017 -0.562282920 0.525441885 0.427642763
1753377777751380736.000000 -1.532283902 1.069489002 0.119834185 -0.542773187 -0.543269813 0.425928295 0.478372693
1753377778151479040.000000 -1.729628801 1.174321771 0.101239622 -0.537647009 -0.561699331 0.450022280 0.439214677
1753377779651844096.000000 -2.478307962 1.526474118 0.103341766 -0.616457939 -0.520744920 0.363006085 0.465865880
1753377780085282304.000000 -2.606413364 1.681036711 0.088769518 -0.638501108 -0.471906275 0.351601630 0.495981067
1753377780518720256.000000 -2.740456104 1.855627656 0.103801273 -0.610649467 -0.482568264 0.364570886 0.511197805
1753377783219360768.000000 -3.297995567 2.870323420 0.118463837 -0.683461130 -0.288283229 0.228972733 0.630353272
1753377783652798976.000000 -3.383903265 3.048238277 0.124430798 -0.720143259 -0.176844463 0.135255411 0.657134473
1753377784086237952.000000 -3.389571905 3.267577410 0.112583034 -0.734223247 -0.106176779 0.097995751 0.663354814
1753377784486331648.000000 -3.391243219 3.494655848 0.121960431 -0.733254075 -0.124750048 0.112554431 0.658868313
1753377784919756544.000000 -3.430650234 3.692378044 0.118862629 -0.738884926 -0.113607563 0.098423645 0.656852603
1753377785286499840.000000 -3.496080399 3.876072407 0.123898551 -0.732035935 -0.072284207 0.051982269 0.675423026
1753377786386743296.000000 -3.430279255 4.439306259 0.125121146 -0.728028059 -0.080109693 0.079620175 0.676179230
1753377786820181248.000000 -3.457994461 4.623889446 0.122011743 -0.732864499 -0.057378124 0.059111007 0.675369024
1753377787186937344.000000 -3.552939892 4.784062862 0.130955517 -0.716201544 -0.025606342 0.015445667 0.697252572
1753377788020474112.000000 -3.583946228 5.090300083 0.126940221 -0.694519043 0.020939957 -0.004093614 0.719157994
1753377788253864192.000000 -3.545193672 5.214665413 0.129449129 -0.687657833 0.028326407 -0.002124078 0.725479007
1753377788653957376.000000 -3.510832548 5.422485828 0.137787312 -0.683730006 0.020283766 0.015085161 0.729297161
1753377789087389440.000000 -3.575207472 5.650172710 0.131830186 -0.665498316 -0.015032391 0.020144155 0.745976031
1753377789554159360.000000 -3.615684748 5.878976822 0.144781068 -0.650208414 -0.021649007 0.049387459 0.757839859
1753377790354329344.000000 -3.542217493 6.323163986 0.137659371 -0.663091779 0.045201823 -0.006569090 0.747143269
1753377790787762432.000000 -3.567188501 6.538003922 0.129086986 -0.671056926 0.069352776 -0.046990562 0.736657739
1753377791187855360.000000 -3.603786469 6.729671001 0.136017114 -0.658710122 0.175063610 -0.151962236 0.715794146
1753377791621286656.000000 -3.548341513 6.896932125 0.127371639 -0.654895067 0.239499733 -0.220158398 0.682116330
1753377791988035328.000000 -3.418977499 7.008440495 0.130787194 -0.644850492 0.245633051 -0.211566031 0.692150354
1753377792454804992.000000 -3.283917189 7.175101757 0.127170235 -0.667521477 0.265229493 -0.232454628 0.655769169
1753377792788209920.000000 -3.211200714 7.313536644 0.119967833 -0.641356468 0.307446480 -0.306727529 0.632500470
1753377793188295936.000000 -3.094972610 7.463345051 0.134637877 -0.597196281 0.387065172 -0.378104895 0.592092812
1753377793555045376.000000 -2.946112394 7.529369354 0.125001818 -0.564153671 0.407905400 -0.406507224 0.591688931
1753377793988481792.000000 -2.696914673 7.593493938 0.129826263 -0.565782189 0.405389100 -0.389978766 0.602882147
1753377794455258880.000000 -2.474189997 7.702757835 0.124905318 -0.560837090 0.417999893 -0.425179750 0.574421585
1753377794922034432.000000 -2.262187719 7.793907642 0.136657745 -0.503486276 0.469929993 -0.484332740 0.539526820
1753377795455493120.000000 -1.995494843 7.801678181 0.121100083 -0.491251051 0.480840653 -0.496548176 0.530004442
1753377795988955136.000000 -1.708193779 7.780828476 0.139145687 -0.534712017 0.436943859 -0.454486668 0.562676728
1753377796355710464.000000 -1.517400384 7.827936172 0.126634747 -0.550815165 0.428378582 -0.445317864 0.561058402
1753377796689118976.000000 -1.345124483 7.858878136 0.134109572 -0.516105294 0.469869912 -0.479905188 0.531553090
1753377797022527232.000000 -1.191122413 7.835277557 0.125101298 0.488019824 -0.513429582 0.506492913 -0.491621584
1753377797489298944.000000 -0.968237162 7.731318474 0.120201811 -0.500508606 0.476761013 -0.496513456 0.525037467
1753377797889390080.000000 -0.783892810 7.676504612 0.124008916 -0.525951803 0.463651001 -0.477556437 0.529473543
1753377798156117760.000000 -0.642592251 7.657729149 0.106991313 -0.512602508 0.500220418 -0.505126655 0.481523871
1753377798456186624.000000 -0.495738953 7.630680561 0.111786112 -0.449445873 0.535053909 -0.568351865 0.434386760
1753377798822939904.000000 -0.349612832 7.584708691 0.115521364 -0.408960193 0.562317729 -0.593081892 0.405960798
1753377799123012096.000000 -0.242116868 7.513941288 0.104905471 -0.411160827 0.550377131 -0.587384820 0.427797794
1753377799423084032.000000 -0.126911268 7.412344933 0.116454475 -0.404550850 0.535968184 -0.588756025 0.449936897
1753377799723158528.000000 -0.001451505 7.331008434 0.113922037 -0.406125754 0.556995988 -0.587558448 0.423783511
1753377799989892864.000000 0.096904419 7.279390812 0.114545807 -0.392009258 0.579250276 -0.592360497 0.399883658
1753377800323310336.000000 0.240280375 7.220781803 0.114412248 0.320580602 -0.635742128 0.635247946 -0.299199224
1753377800556698368.000000 0.329348117 7.185962677 0.124596611 0.256625593 -0.662995398 0.660997629 -0.240130201
1753377800823427584.000000 0.408929706 7.133570194 0.121807531 0.221879199 -0.683076978 0.668154299 -0.194281831
1753377800956792320.000000 0.434293002 7.100265980 0.120448507 0.193093061 -0.684442520 0.681134224 -0.174097210
1753377801123496960.000000 0.463430941 7.035826206 0.111848019 0.156154439 -0.692311585 0.687102556 -0.155597761
1753377801290202880.000000 0.493040204 6.958493233 0.113662198 0.123146437 -0.697082043 0.691674829 -0.143169835
1753377801523588608.000000 0.550023198 6.851165295 0.118208021 0.110858098 -0.702598870 0.688300431 -0.142506033
1753377801756974592.000000 0.617912591 6.759428978 0.121797055 0.135548130 -0.711562634 0.674732924 -0.141565740
1753377802157063936.000000 0.755103171 6.626777649 0.107431173 0.125398308 -0.717301905 0.679254472 -0.091469713
1753377802490475264.000000 0.869410336 6.519604683 0.119333945 0.066294454 -0.715350628 0.694961429 -0.030120624
1753377802757208832.000000 0.934400439 6.422568321 0.117695391 0.039174985 -0.724465787 0.688188493 -0.003368493
1753377803023943424.000000 0.983283937 6.305598736 0.106902771 0.046104539 -0.722918451 0.689200878 -0.016293904
1753377803290677504.000000 1.020485759 6.158030987 0.118312582 0.083704762 -0.715386748 0.688290715 -0.086436279
1753377803557413376.000000 1.084792972 6.022144318 0.120559469 0.125231415 -0.715974927 0.675246477 -0.125456080
1753377803857490432.000000 1.183105230 5.907814980 0.115395740 0.156188667 -0.715152025 0.667972207 -0.134074345
1753377804124226048.000000 1.279866457 5.816079617 0.107295364 0.120148256 -0.712063193 0.685182214 -0.095161915
1753377804490987520.000000 1.388116837 5.678650856 0.123739034 0.025744678 -0.713821471 0.699238122 -0.029362706
1753377804791061760.000000 1.431791067 5.545559883 0.121568695 -0.026511170 -0.720816672 0.692462802 0.014690264
1753377805091136256.000000 1.424731970 5.380246639 0.113446809 -0.027867982 -0.718494058 0.694742739 -0.017952163
1753377805424551680.000000 1.438827634 5.211476803 0.122005634 -0.003384669 -0.718072832 0.695424974 -0.027278952
1753377805857988352.000000 1.473570585 5.023663998 0.109386124 -0.008836067 -0.719467700 0.694442272 0.006173324
1753377806291423488.000000 1.523281217 4.798418522 0.117127433 -0.047309279 -0.706105947 0.705684125 0.034440584
1753377806691520256.000000 1.512262106 4.613725662 0.108799681 0.077525847 0.699447691 -0.708392560 -0.054246392
1753377807058276096.000000 1.447137475 4.397952557 0.102843419 0.104728080 0.689027011 -0.714012802 -0.066780321
1753377807391690752.000000 1.424818754 4.207259178 0.112899534 0.057257522 0.698928356 -0.711141169 -0.049989924
1753377807825129472.000000 1.456518531 3.981530666 0.098014981 0.072127171 0.689710081 -0.717320859 -0.067442417
1753377808225226752.000000 1.500955224 3.745731592 0.109395802 0.145452678 0.690711617 -0.697648168 -0.122670487
1753377808558639360.000000 1.487518191 3.558396816 0.093825899 -0.168725997 -0.715854645 0.665580630 0.126831099
1753377808958734080.000000 1.417276502 3.318878174 0.087018870 -0.181032032 -0.724071801 0.659017265 0.092971995
1753377809292145408.000000 1.421436787 3.148034811 0.098607577 -0.164864153 -0.722367465 0.663137078 0.106086329
1753377809625558528.000000 1.462178826 2.970365047 0.085477151 -0.120536610 -0.721964300 0.672505558 0.109429412
1753377810492434944.000000 1.441698432 2.573215723 0.097858988 -0.027423862 -0.714324057 0.696971953 0.056739330
1753377810925871616.000000 1.329929709 2.376768351 0.107758656 0.006470333 -0.720628798 0.692651272 0.029774265
1753377811392649728.000000 1.314964175 2.174189091 0.102531604 0.064738624 -0.736784518 0.672657430 -0.022122249
1753377811926112768.000000 1.364050984 1.945846915 0.118921548 0.004187122 -0.719468892 0.694291711 0.017496008
1753377812226185472.000000 1.345353365 1.819495559 0.111806735 -0.031795852 -0.726166606 0.685965061 0.033511676
1753377812592935424.000000 1.249655485 1.666434884 0.101053245 -0.049742673 -0.713435948 0.698508680 0.024908537
1753377813026362624.000000 1.130793929 1.495863438 0.121359371 -0.113487542 -0.709330201 0.690578997 0.084095061
1753377813493132032.000000 1.001379967 1.358713150 0.113762334 -0.276792347 -0.677042365 0.641506016 0.231235266
1753377813993247744.000000 0.855132043 1.196719289 0.120015338 -0.421778649 -0.592252195 0.570283234 0.382252932
1753377814426681344.000000 0.686556339 1.166400313 0.113867320 -0.473039001 -0.553967893 0.534474730 0.428591371
1753377814826775040.000000 0.479738772 1.194903612 0.124187231 -0.440713465 -0.575756133 0.559970081 0.400886565
1753377815226868992.000000 0.334463626 1.166434765 0.127690032 -0.341926277 -0.643477499 0.604465306 0.321939260
1753377815726982400.000000 0.216286480 1.052833200 0.122703493 -0.210289627 -0.693842947 0.631709695 0.274414122
1753377816827235840.000000 -0.111566179 1.055530548 0.111087792 -0.071657188 -0.761432409 0.639357686 0.079420835
1753377819397044992.000000 -0.236388937 1.037966728 0.143448755 0.137718409 0.622617781 -0.741450071 -0.208884045
1753377819963702016.000000 -0.312235206 0.941465855 0.141852289 0.286909699 0.553604960 -0.695295513 -0.357447475
1753377820530349568.000000 -0.518024027 1.000197530 0.135503650 0.404900193 0.499983609 -0.625762641 -0.441014141
1753377821097000960.000000 -0.742317617 1.107618332 0.153392613 0.430944115 0.492360622 -0.601350784 -0.458525181
1753377821630319360.000000 -0.943500340 1.109510779 0.145052627 -0.433135480 -0.488921344 0.556323290 0.513667226
1753377822696959488.000000 -1.373600245 1.328494787 0.140181378 0.433922619 0.477226645 -0.578114271 -0.499749810
1753377823764407040.000000 -1.742685556 1.613800168 0.137509495 -0.474752873 -0.468647391 0.506523669 0.546272099
1753377824265609216.000000 -1.924445033 1.767522335 0.145615995 -0.565593719 -0.362965643 0.392331988 0.628040791
1753377824765915648.000000 -2.027709484 1.999578476 0.126033574 -0.589354753 -0.314421982 0.358182609 0.652307570
1753377825365758976.000000 -2.178844929 2.238208532 0.138316736 -0.591970205 -0.340336293 0.362474173 0.634314597
1753377825965622272.000000 -2.444901466 2.332249165 0.135007858 -0.592154205 -0.315884709 0.334894985 0.661374032
1753377826465487616.000000 -2.635814428 2.445144653 0.129967064 -0.624691963 -0.294363648 0.307996511 0.654406786
1753377826965373696.000000 -2.799682617 2.626730919 0.129977018 -0.610740542 -0.295508057 0.350865930 0.645417809
1753377827498564608.000000 -2.984785318 2.785056829 0.127166972 -0.660355806 -0.264520407 0.285498351 0.642222583
1753377828031777536.000000 -3.196949244 2.922353745 0.137780249 -0.690075815 -0.111162528 0.125221103 0.704100907
1753377828531648000.000000 -3.229372501 3.112650394 0.126779780 -0.709981501 0.008762510 0.027404469 0.703632414
1753377829098177792.000000 -3.152137041 3.359172821 0.134953171 -0.692043900 0.118577644 -0.047797967 0.710443556
1753377829631379200.000000 -3.113346100 3.531766891 0.125992656 -0.663721859 0.230356082 -0.179270148 0.688673854
1753377830164592384.000000 -3.040190458 3.766621828 0.133500502 -0.603541791 0.332178056 -0.318089664 0.651317179
1753377830697801472.000000 -2.823928356 3.860199928 0.112065054 -0.555328846 0.408810288 -0.367041320 0.624311328
1753377831231000832.000000 -2.576676607 3.912096262 0.124594912 -0.543774664 0.418508679 -0.389610589 0.614298940
1753377831764199424.000000 -2.376170158 3.989028931 0.109195881 -0.498793423 0.491380870 -0.483100802 0.525702953
1753377832297380352.000000 -2.159299612 4.034564018 0.112432569 -0.416293681 0.555389404 -0.562572777 0.449170530
1753377832830579712.000000 -1.975048184 3.926096916 0.096270226 0.376690388 -0.581521809 0.579381704 -0.429247707
1753377833363760384.000000 -1.805431128 3.777405500 0.107905641 0.379121125 -0.585476220 0.587948918 -0.409635097
1753377833863639552.000000 -1.665831923 3.670442581 0.108406372 0.298957884 -0.642864764 0.633631766 -0.309612662
1753377834463531520.000000 -1.511109948 3.517937422 0.122210272 0.158691809 -0.697755933 0.679538369 -0.161806390
1753377834964123136.000000 -1.521665335 3.325623512 0.112431087 0.074173488 -0.702663243 0.699940026 -0.104147039
1753377835464740352.000000 -1.532880187 3.113529682 0.123471007 0.084952705 -0.704760134 0.698548138 -0.090148874
1753377836031403264.000000 -1.523835540 2.899029016 0.115269080 -0.001099631 -0.706766725 0.707252502 0.016536564
1753377836631390464.000000 -1.571737766 2.652243137 0.124990992 -0.161998317 -0.700640440 0.677998185 0.152243584
1753377837164714752.000000 -1.754419804 2.481192589 0.123144738 -0.226225063 -0.679688215 0.669656694 0.195974678
1753377837698044416.000000 -1.906107068 2.358118296 0.123957247 -0.219380125 -0.682503819 0.668070257 0.199356467
1753377838231376640.000000 -2.049641371 2.209074736 0.125675842 -0.315746993 -0.637778103 0.631553769 0.307705700
