1753377262529204224.000000 -0.012370577 -0.036061831 0.082190923 -0.679594994 0.005063944 -0.018353470 0.733340442
1753377263329391104.000000 -0.200145155 0.099914208 0.083308585 -0.652208447 -0.203642190 0.190098554 0.704994142
1753377265463244032.000000 -1.010861993 0.333465695 0.081874676 -0.552860618 -0.365605175 0.394857883 0.636211753
1753377267865994496.000000 -2.172265768 0.406054139 0.074916750 -0.539330423 -0.434903651 0.437681735 0.573076189
1753377270699698176.000000 -3.299800396 -0.264696360 0.080018289 -0.290100515 -0.657703578 0.641360462 0.268187374
1753377271033023488.000000 -3.366183281 -0.401478171 0.071089089 -0.254901886 -0.675112844 0.646922886 0.246451870
1753377271666350848.000000 -3.450756073 -0.677285135 0.075854644 -0.260053158 -0.667853832 0.642304361 0.271641016
1753377274332960768.000000 -3.931363821 -1.359768867 0.067818932 -0.586001575 -0.436912090 0.455161303 0.508466482
1753377277166588672.000000 -4.503508568 -1.480651617 0.066167012 -0.644078791 -0.358558118 0.311368227 0.599707007
1753377279435014912.000000 -4.195641041 -1.594235063 0.086613931 -0.683000565 -0.018458230 0.032100532 0.729478657
1753377279701605376.000000 -4.168855667 -1.517706633 0.081819028 -0.684915662 0.071866021 -0.074276470 0.721255064
1753377279968186880.000000 -4.155339241 -1.418617725 0.087874010 -0.676771104 0.131445259 -0.149779141 0.708709657
1753377280234791936.000000 -4.134968758 -1.327481627 0.086521849 -0.673993707 0.172950715 -0.182088181 0.694740534
1753377280568043264.000000 -4.081707478 -1.252725840 0.084918700 -0.660123050 0.223518059 -0.223028019 0.681568623
1753377280867958016.000000 -3.983578444 -1.210720062 0.071624942 -0.620271266 0.284622014 -0.283457756 0.673725188
1753377281134554368.000000 -3.869223356 -1.147731781 0.078019507 -0.605504572 0.300886065 -0.297813952 0.673898160
1753377281434481152.000000 -3.759273529 -1.060606837 0.077758670 -0.618521750 0.306787878 -0.308202624 0.654464126
1753377281667751168.000000 -3.680569172 -0.994432032 0.070707463 -0.609254062 0.337387800 -0.326476693 0.639055490
1753377281934336256.000000 -3.605408430 -0.896552324 0.061469465 -0.572783172 0.389548689 -0.396322936 0.602577329
1753377282167609600.000000 -3.524846077 -0.811230540 0.070923969 -0.534929276 0.448554099 -0.442817748 0.562638819
1753377282434208512.000000 -3.433268785 -0.762414396 0.070967995 0.481617242 -0.518853068 0.503257215 -0.495548755
1753377282700799232.000000 -3.325405836 -0.772493958 0.059825554 0.438325912 -0.557684600 0.539340436 -0.453839511
1753377282934060032.000000 -3.198925734 -0.821713150 0.050164904 0.417372733 -0.586540878 0.532740653 -0.444923937
1753377283167536128.000000 -3.078606129 -0.843873143 0.060962975 0.422427744 -0.580134451 0.537258327 -0.443116605
1753377283668140288.000000 -2.847119570 -0.845857918 0.058290638 0.426692218 -0.587667704 0.547081470 -0.416272014
1753377283935169536.000000 -2.717962265 -0.826992393 0.062513813 0.396968007 -0.595989704 0.585026920 -0.380731136
1753377284268617216.000000 -2.549221277 -0.831778586 0.065917745 0.359097958 -0.626145124 0.604278743 -0.337399065
1753377284801948928.000000 -2.303075552 -0.925718307 0.052475128 0.361811996 -0.626676023 0.585145891 -0.366024017
1753377285301946880.000000 -2.043831825 -1.011172652 0.060908183 0.425561726 -0.595000386 0.546879590 -0.407178670
1753377285835274752.000000 -1.783076525 -1.002977252 0.049542472 0.406687677 -0.607034922 0.579086006 -0.361625820
1753377286201940480.000000 -1.612374306 -1.019593477 0.051765241 0.358619422 -0.654629529 0.587186098 -0.313153028
1753377286701943808.000000 -1.413756609 -1.074021101 0.039273769 0.363840997 -0.647715867 0.577543855 -0.338418573
1753377287001939712.000000 -1.282300472 -1.123969674 0.054170579 0.386249363 -0.611822724 0.565184951 -0.396295995
1753377287335272960.000000 -1.129907131 -1.138334751 0.059097711 0.440149963 -0.574779451 0.534991324 -0.435523868
1753377287801928960.000000 -0.923286617 -1.042225122 0.055996049 -0.469791740 0.524954677 -0.535495579 0.465792596
1753377288135254272.000000 -0.779351413 -0.960338056 0.060257785 -0.492121190 0.506225526 -0.517079413 0.483922839
1753377288435252480.000000 -0.661853492 -0.915215433 0.064072564 -0.522001326 0.491014510 -0.478662044 0.507249594
1753377288668581376.000000 -0.563427806 -0.873286545 0.056594752 -0.554831326 0.457772464 -0.438438147 0.538867831
1753377288868574208.000000 -0.467864335 -0.833384633 0.062205516 -0.578423798 0.417553604 -0.401383370 0.574426889
1753377289135235072.000000 -0.355451137 -0.766219079 0.074612238 -0.614999294 0.360259444 -0.357001603 0.603770673
1753377289368565248.000000 -0.282505840 -0.706665158 0.076914802 -0.645603776 0.313635647 -0.316456467 0.620228887
1753377289601892864.000000 -0.231356114 -0.640265346 0.071394131 -0.658819854 0.288929343 -0.285118908 0.633390546
1753377289835216640.000000 -0.195464939 -0.556410849 0.066649228 -0.654203534 0.274031579 -0.284522533 0.644958436
1753377290068542208.000000 -0.163954556 -0.462239921 0.069914810 -0.648486972 0.265623868 -0.278041691 0.656963825
1753377290368544768.000000 -0.124500334 -0.344842851 0.066937640 -0.663419664 0.240156829 -0.252544522 0.662133217
1753377290601877760.000000 -0.083492249 -0.250675380 0.064083405 -0.680385113 0.206295922 -0.208387271 0.671634495
1753377290835206144.000000 -0.033921413 -0.156575859 0.064123161 -0.690387249 0.160062954 -0.153719172 0.688560665
1753377291068534528.000000 0.005234451 -0.060001556 0.073492967 -0.702196598 0.094523236 -0.090961359 0.699793816
1753377291301865472.000000 0.020428218 0.028643858 0.077456534 -0.712050974 0.010082670 -0.003219853 0.702048063
1753377291401863936.000000 0.017706040 0.063858144 0.077513963 -0.717606485 -0.018497005 0.036311284 0.695255578
1753377291935176960.000000 -0.129387677 0.172187388 0.067791522 -0.722171962 -0.096493348 0.112476222 0.675652087
1753377292268505088.000000 -0.260654092 0.181412593 0.074103326 -0.699392676 -0.126545742 0.145170525 0.688303411
1753377292901820160.000000 -0.488423854 0.279862642 0.063358925 -0.675370336 -0.255486131 0.256142676 0.642645180
1753377293736189952.000000 -0.819626689 0.436111301 0.074546874 -0.627383828 -0.361176372 0.355008304 0.591532111
1753377294570110464.000000 -1.200312972 0.412823200 0.069391049 -0.624564826 -0.339249879 0.332579374 0.619854212
1753377294936859648.000000 -1.363078237 0.461930662 0.055832393 -0.625193238 -0.360497177 0.358807504 0.591973364
1753377296370532352.000000 -2.010631800 0.475646257 0.067893066 -0.585136175 -0.404680669 0.404549003 0.574621141
1753377296870660352.000000 -2.212230206 0.424720556 0.061761301 -0.588553429 -0.441471428 0.407908440 0.540665030
1753377297237421056.000000 -2.374681473 0.387507975 0.054191228 -0.528606236 -0.506039023 0.493519753 0.470040709
1753377297704206080.000000 -2.584881306 0.297365427 0.060367551 -0.432417572 -0.602546394 0.553214788 0.379349917
1753377298204327168.000000 -2.725363731 0.138986468 0.053090110 -0.390895575 -0.631085932 0.564997673 0.360151291
1753377298671099648.000000 -2.853470087 -0.029190406 0.064910598 -0.426698834 -0.604719460 0.546164274 0.392360866
1753377299137871616.000000 -3.022253513 -0.131092519 0.052798450 -0.445790291 -0.602925777 0.541034102 0.380833030
1753377299571303168.000000 -3.217771769 -0.224016905 0.066573121 -0.416224808 -0.607942402 0.576068342 0.353989005
1753377300071416832.000000 -3.368409634 -0.370840460 0.062081687 -0.391169190 -0.641993046 0.567044377 0.336589366
1753377300571535360.000000 -3.466769934 -0.569867194 0.066955864 -0.393693954 -0.617554545 0.567631662 0.376066267
1753377301004971776.000000 -3.565326691 -0.716696262 0.067130640 -0.408578426 -0.619435370 0.553513885 0.378134668
1753377301438415616.000000 -3.694030523 -0.842108309 0.062406402 -0.404939175 -0.623570740 0.564426839 0.358616948
1753377301905202432.000000 -3.834232092 -0.976991117 0.074277326 -0.386505425 -0.622480512 0.585130513 0.347496510
1753377302405325056.000000 -3.937344313 -1.134380817 0.064798966 -0.426499069 -0.604252577 0.550543785 0.387142181
1753377302905446144.000000 -4.001671791 -1.301059365 0.072834857 -0.523912966 -0.517863214 0.479879618 0.476496160
1753377303438903296.000000 -4.130641937 -1.348976254 0.058509976 -0.589433908 -0.470733345 0.419754893 0.504761040
1753377303905676544.000000 -4.290679455 -1.339183211 0.049058437 -0.625475347 -0.467759699 0.398880899 0.480495095
1753377304372450304.000000 -4.346286297 -1.374876380 0.055939656 -0.650446713 -0.420531631 0.347012103 0.528824091
1753377304839224832.000000 -4.367707729 -1.483156681 0.070320994 -0.682410121 -0.318546444 0.276686817 0.596899569
1753377305372679936.000000 -4.312837124 -1.521288633 0.077553235 -0.684548914 -0.263383865 0.243155792 0.634741724
1753377305906135808.000000 -4.108883858 -1.476318836 0.085192114 -0.663399398 -0.217632130 0.223369315 0.680179119
1753377306406254848.000000 -4.031521320 -1.377074480 0.086084954 -0.666860640 -0.172648057 0.191804051 0.699071407
1753377306906375936.000000 -3.995073080 -1.192104936 0.088652551 -0.663301587 -0.119974889 0.126890808 0.727692068
1753377307406499840.000000 -3.876610756 -1.025981426 0.082699724 -0.665672362 -0.047989693 0.074095495 0.741004169
1753377307906624768.000000 -3.662612200 -0.886440635 0.092395246 -0.646044493 -0.050149076 0.069079444 0.758511484
1753377308406749440.000000 -3.508638859 -0.727561831 0.087461442 -0.663689673 -0.019580793 0.052649908 0.745895863
1753377308873531904.000000 -3.392790079 -0.532223582 0.086329654 -0.656916201 0.046883829 -0.077535719 0.748499334
1753377309306967296.000000 -3.223979950 -0.405137092 0.076894231 -0.639668643 0.175625637 -0.189016134 0.724052906
1753377309740400384.000000 -3.007736444 -0.347729206 0.074872524 -0.637068450 0.146399707 -0.173680365 0.736577272
1753377310140491264.000000 -2.806557178 -0.287388384 0.081391096 -0.660984933 0.153659657 -0.181689113 0.711671829
1753377310573922816.000000 -2.609860897 -0.196625650 0.070032686 -0.643737376 0.227176189 -0.280083865 0.674941719
1753377311074036480.000000 -2.352090120 -0.099537492 0.084077209 -0.574768126 0.356737107 -0.411996454 0.610441804
1753377311574150144.000000 -2.058864832 -0.132326305 0.065056883 -0.539035022 0.402379036 -0.433301836 0.599818289
1753377312074265856.000000 -1.767289996 -0.145108521 0.082423367 -0.581247270 0.357194990 -0.386889696 0.620386720
1753377312607734528.000000 -1.502122641 -0.066337399 0.075549111 -0.561345637 0.355510116 -0.434352249 0.608146131
1753377313074520320.000000 -1.257073402 -0.051437885 0.076387882 -0.516932309 0.436692029 -0.469298929 0.567309201
1753377313541307136.000000 -0.966423213 -0.094200969 0.066691175 -0.508940756 0.451739788 -0.473564535 0.559148610
1753377314074778624.000000 -0.709582508 -0.048699185 0.071341813 -0.593966842 0.335364014 -0.380378306 0.624537230
1753377314574902272.000000 -0.489438117 0.101204604 0.070133969 -0.599698424 0.292933851 -0.345574677 0.659643650
1753377315075025408.000000 -0.276452959 0.230419323 0.069502965 -0.620815456 0.226485372 -0.274334133 0.698593915
1753377315575141632.000000 -0.006236945 0.343517452 0.083119459 -0.634256780 0.138426796 -0.189562440 0.736629188
1753377316075258112.000000 0.077212855 0.515633881 0.077019945 -0.647685647 0.075241081 -0.127930909 0.747312367
1753377316542029568.000000 0.081354178 0.671350598 0.079148039 -0.628017187 0.094322592 -0.145905986 0.758557320
1753377317042141440.000000 0.155106410 0.812357068 0.078102499 -0.653768241 0.024441972 -0.065748028 0.753436804
1753377319942811648.000000 0.179192513 0.713948667 0.085103028 -0.617594302 -0.025659442 0.035816509 0.785261810
1753377320409592576.000000 0.264760226 0.727142870 0.091895498 -0.628645718 0.034616284 -0.046512429 0.775527537
1753377320843033600.000000 0.263552636 0.735409975 0.084807314 -0.656076729 0.088035844 -0.132308036 0.737772107
1753377321376495616.000000 0.148308769 0.750491202 0.085730448 -0.641113937 0.136286512 -0.191442639 0.730581045
1753377321909957120.000000 0.052699763 0.762095869 0.082673833 -0.600590050 0.180192217 -0.246945634 0.738810062
1753377322410072064.000000 0.064347968 0.767588735 0.086911082 -0.576920986 0.206110716 -0.254571795 0.748247147
1753377322910184960.000000 0.156102538 0.759099007 0.086150691 -0.573331535 0.199261799 -0.247219279 0.755293608
1753377323310277632.000000 0.291038811 0.728939891 0.081518114 -0.573134482 0.168121025 -0.234178901 0.767080426
1753377323777053952.000000 0.394483566 0.733861268 0.083060309 -0.595686853 0.104872003 -0.171058044 0.777752042
1753377324310518272.000000 0.314933956 0.793661356 0.087975733 -0.590567410 0.107241876 -0.174389705 0.780588031
1753377324843988480.000000 0.212003574 0.861727238 0.085344806 -0.560422182 0.146128878 -0.217457876 0.785675049
1753377325310765312.000000 0.274843037 0.869572759 0.080468133 -0.568093896 0.070543230 -0.200893253 0.794943333
1753377325810877952.000000 0.329946876 0.866319239 0.080146573 -0.568614066 0.016837763 -0.189147383 0.800386071
1753377326310995712.000000 0.297828496 0.868553698 0.075561114 -0.555436134 0.001124137 -0.207436949 0.805269659
1753377326811118080.000000 0.284355551 0.885210752 0.074965388 -0.551818252 -0.003920918 -0.220056906 0.804398119
1753377327311239680.000000 0.289846808 0.898779988 0.079828888 -0.540530086 0.007706050 -0.222793430 0.811252654
1753377327844701696.000000 0.295199394 0.901971698 0.081004366 -0.537352324 0.000796450 -0.207381755 0.817462325
1753377328178114048.000000 0.298047930 0.915581226 0.083060861 -0.546234548 0.008792517 -0.217233792 0.808925271
1753377328644890880.000000 0.301634550 0.917307854 0.082567714 -0.546562910 0.016526947 -0.226645917 0.805994689
1753377329145010944.000000 0.298381686 0.916781008 0.081076249 -0.541029513 0.011191764 -0.224956766 0.810281694
1753377329645138176.000000 0.298360467 0.920367718 0.080339707 -0.539123714 0.004651376 -0.219480008 0.813112915
1753377330145265920.000000 0.307055295 0.929462135 0.083463162 -0.549211264 0.015528111 -0.224311501 0.804866672
1753377330678733312.000000 0.319144040 0.929626048 0.086233623 -0.550756931 0.031563014 -0.230884567 0.801475525
1753377331212198144.000000 0.320715129 0.929454982 0.086263016 -0.553282559 0.029160069 -0.227134436 0.800898254
1753377331745653248.000000 0.327458948 0.934476256 0.088646270 -0.557918668 0.047001008 -0.234063044 0.794815838
1753377332279112192.000000 0.334520668 0.931480587 0.090109311 -0.560099542 0.061362058 -0.233084232 0.792587578
1753377332779234560.000000 0.351685375 0.924499333 0.094445936 -0.555795014 0.120743267 -0.244224951 0.785408914
1753377333312691712.000000 0.353008330 0.927770793 0.096294925 -0.557452321 0.135375872 -0.242435291 0.782397270
1753377333846143488.000000 0.357654810 0.924448311 0.097142495 -0.557060838 0.155771151 -0.245246276 0.777992845
1753377334379595776.000000 0.362559229 0.919458210 0.097786017 -0.552922249 0.171107024 -0.244205609 0.778050780
1753377334879706880.000000 0.371113449 0.912832558 0.097883925 -0.555419683 0.182673946 -0.242112875 0.774287224
1753377335379818240.000000 0.383517951 0.919480026 0.098931938 -0.568906188 0.186775625 -0.227429613 0.767942965
1753377335879929600.000000 0.388218731 0.918838978 0.098959044 -0.569625556 0.196088299 -0.220465720 0.767118692
1753377336380051968.000000 0.381850809 0.916925311 0.097968668 -0.569530785 0.198224470 -0.222869024 0.765944600
1753377336913521152.000000 0.384287387 0.911666453 0.096606962 -0.573636413 0.205043510 -0.220315143 0.761813343
1753377337413639424.000000 0.369652599 0.917375684 0.096018761 -0.582457066 0.180549443 -0.225198865 0.759889007
1753377337947095808.000000 0.363925695 0.923186839 0.096225500 -0.586035013 0.183472633 -0.234367236 0.753639758
1753377338447216384.000000 0.346692502 0.925103307 0.094664663 -0.586460471 0.179607213 -0.235062927 0.754023135
1753377338947337984.000000 0.314824462 0.918737590 0.090726934 -0.586438775 0.166752681 -0.228185862 0.759087861
1753377339447451136.000000 0.278196573 0.906791627 0.087422408 -0.569770038 0.168465242 -0.235965148 0.768961728
1753377339980902400.000000 0.248908907 0.912489951 0.085300259 -0.577428997 0.183998778 -0.246450633 0.756295145
1753377340514364160.000000 0.226113170 0.906831682 0.081971779 -0.581073761 0.154149204 -0.233285844 0.764309466
1753377341014486016.000000 0.219618142 0.900826156 0.082652144 -0.575083911 0.133991510 -0.220294669 0.776398838
1753377341547947008.000000 0.218565270 0.911645591 0.079328828 -0.570120692 0.091882981 -0.207815841 0.789514124
1753377342081407232.000000 0.253250748 0.918658972 0.077324830 -0.563572049 0.054400820 -0.188506544 0.802429140
1753377342614864640.000000 0.216666222 0.931567967 0.085194424 -0.550671518 0.087667167 -0.202289954 0.805080116
1753377343114979584.000000 0.182883993 0.951353252 0.086333647 -0.545921445 0.082742080 -0.208571360 0.807230711
1753377343648437248.000000 0.170859069 0.975938559 0.089639477 -0.557336032 0.081476614 -0.217066675 0.797258019
1753377344148555520.000000 0.167630211 0.968546152 0.086525448 -0.550738394 0.091103457 -0.228793681 0.797521710
1753377344648678656.000000 0.163750157 0.964534342 0.084956639 -0.550157011 0.079586014 -0.218878150 0.801926255
1753377345182141184.000000 0.149054959 0.970976412 0.084617682 -0.553837419 0.057502907 -0.205745161 0.804752469
1753377345682258688.000000 0.145094156 0.984708250 0.087090947 -0.562120378 0.067426428 -0.219183400 0.794627607
1753377346182377728.000000 0.146601126 0.982568920 0.087186061 -0.559858501 0.070264027 -0.214731112 0.797190011
1753377346715843840.000000 0.142195150 0.986525238 0.087419599 -0.566957235 0.051302124 -0.204421252 0.796328843
1753377347249309440.000000 0.136971548 0.989929974 0.087237664 -0.561225533 0.065426402 -0.218989626 0.795480311
1753377347782772224.000000 0.138706669 0.995743155 0.086878747 -0.562174439 0.077941351 -0.232301489 0.789886832
1753377348282893824.000000 0.147926003 1.001030564 0.089504227 -0.567175925 0.105705373 -0.247106373 0.778509021
1753377348783016448.000000 0.172627628 0.996241629 0.092446685 -0.565839291 0.139088064 -0.240130633 0.776413441
1753377349316474112.000000 0.180951118 0.990117550 0.093846910 -0.565340996 0.153325438 -0.235991508 0.775363743
1753377349816586496.000000 0.178667262 0.992151320 0.093668431 -0.570983171 0.145868391 -0.231146470 0.774126530
1753377350316698624.000000 0.183548316 0.992748857 0.094139569 -0.570682049 0.149445176 -0.230011627 0.774004459
1753377350850151168.000000 0.185464427 0.998478770 0.093556970 -0.570319355 0.149207145 -0.233325720 0.773325443
1753377351350269184.000000 0.186762303 1.003288865 0.092483789 -0.573303461 0.143372387 -0.236469254 0.771265090
1753377351850390528.000000 0.191706732 1.000214338 0.092294097 -0.571551919 0.143635303 -0.236003250 0.772657514
1753377351917073408.000000 0.191505924 1.000060201 0.091617338 -0.571451485 0.142059714 -0.235784665 0.773089826
1753377352450532352.000000 0.194350109 0.993963003 0.091814779 -0.571886778 0.147322685 -0.237139866 0.771366477
1753377352950650880.000000 0.173893347 0.990467966 0.092155233 -0.564246714 0.184873775 -0.278521597 0.754899323
1753377353450770432.000000 0.146180108 0.974107325 0.088292941 -0.523156106 0.303794831 -0.409529805 0.682862997
1753377353950889472.000000 0.188728929 0.847324789 0.081803009 -0.458040714 0.392652869 -0.511125863 0.612186968
1753377354484356864.000000 0.223624483 0.709541023 0.084200367 -0.413997263 0.454984188 -0.574870467 0.539555132
1753377354984484096.000000 0.166389868 0.692542315 0.085774377 -0.325474739 0.540212572 -0.651247799 0.422034413
1753377355484598016.000000 0.114606015 0.738947332 0.090377025 -0.266910851 0.589806557 -0.693067014 0.317088187
1753377356018049024.000000 0.039245732 0.676628709 0.083063856 -0.253135264 0.600659609 -0.701214969 0.288839459
1753377356518163968.000000 -0.028076772 0.549628198 0.081086166 -0.211209252 0.601219237 -0.727168441 0.255249143
1753377357018278144.000000 -0.050879009 0.470885485 0.076951623 -0.168466315 0.620417416 -0.732971191 0.222383738
1753377357551736832.000000 -0.021006608 0.491393179 0.078070566 -0.210991114 0.614773154 -0.717636108 0.250070393
1753377358051854592.000000 0.009851184 0.582561135 0.086533964 -0.290753514 0.574493945 -0.686349511 0.338147283
1753377358585313280.000000 0.053441234 0.681737542 0.084480852 -0.395512134 0.522144318 -0.613236845 0.441447765
1753377359118771200.000000 0.098662376 0.716922641 0.080423452 -0.515290856 0.410486221 -0.486693949 0.573677182
1753377359652235008.000000 0.222037539 0.660707653 0.088853851 -0.587121010 0.260181040 -0.321297288 0.695961833
1753377360185698816.000000 0.306442857 0.622945607 0.083560482 -0.620629191 0.114535503 -0.154837623 0.760083199
1753377360719161344.000000 0.230821103 0.653344810 0.082598738 -0.619537055 0.012364887 -0.059222925 0.782632530
1753377361219282944.000000 0.203129455 0.669848502 0.084184714 -0.598139167 -0.041346554 -0.004836375 0.800310314
1753377361786086656.000000 0.216017693 0.721165717 0.087693579 -0.613035738 -0.022313897 -0.024178308 0.789369762
1753377362286209280.000000 0.268847555 0.760886312 0.089008845 -0.618918538 0.053018332 -0.075149924 0.780052245
1753377362819674368.000000 0.335824966 0.756099641 0.089257397 -0.572528124 0.113536425 -0.129442796 0.801601946
1753377363319794432.000000 0.293123692 0.712876379 0.088400528 -0.580693901 0.138466954 -0.174297810 0.783097625
1753377363853251840.000000 0.198784932 0.602145910 0.084580749 -0.562443256 0.157126233 -0.204986200 0.785461485
1753377364353367296.000000 0.201128334 0.485289544 0.081504971 -0.568097889 0.136490315 -0.201904893 0.786046743
1753377364853482240.000000 0.279537588 0.357552677 0.083651543 -0.590083420 0.107151508 -0.166240007 0.782741666
1753377365386935552.000000 0.329931766 0.304795474 0.078608625 -0.637538671 0.123458132 -0.137795925 0.747873545
1753377365887047936.000000 0.328649402 0.245959058 0.076633900 -0.621399999 0.162828982 -0.162817016 0.748892188
1753377366420501248.000000 0.307565600 0.231524542 0.071849100 -0.631590724 0.121045105 -0.124029666 0.755683780
1753377366920613376.000000 0.287402928 0.300000489 0.071073033 -0.635942817 0.134825334 -0.172177091 0.740104079
1753377367420735232.000000 0.211147577 0.437529981 0.073645659 -0.609376550 0.133084297 -0.211405009 0.752500415
1753377367954203392.000000 0.174030855 0.577145755 0.081841856 -0.594956160 0.194685310 -0.234639317 0.743686259
1753377368454317824.000000 0.220252693 0.668088496 0.082704373 -0.631983757 0.125602931 -0.157859236 0.748265266
1753377368987771392.000000 0.333158821 0.731643200 0.086669967 -0.634179533 -0.036996696 0.066879705 0.769398987
1753377369487888128.000000 0.422975659 0.771149755 0.089500442 -0.605270922 -0.159219235 0.241827369 0.741495728
1753377369988005376.000000 0.439078271 0.781168163 0.084591806 -0.632861733 -0.039894171 0.111737773 0.765120447
1753377370521474560.000000 0.324644327 0.753914654 0.085127413 -0.616414368 0.150165990 -0.108059153 0.765380144
1753377371021604096.000000 0.321065336 0.775003552 0.084171385 -0.602610946 0.165290996 -0.147760093 0.766619861
