1753126197712415744.000000 0.014214253 -0.025290381 0.007210862 -0.645712972 0.026566703 -0.001177623 0.763116956
1753126198012488704.000000 -0.046050355 0.100982979 -0.000366818 -0.630074918 -0.026902175 0.024501102 0.775681376
1753126198279218944.000000 -0.124166779 0.204438284 0.009288128 -0.606557786 -0.055802617 0.018633952 0.792859733
1753126198545949696.000000 -0.140725523 0.343158782 0.008230300 -0.602828562 -0.037008815 0.029768940 0.796455920
1753126198846022400.000000 -0.110823557 0.554519176 0.008702781 -0.607959867 -0.033378065 0.085861281 0.788605511
1753126199112752896.000000 -0.125391081 0.716402650 0.025143892 -0.601704955 -0.069587961 0.120484777 0.786506295
1753126199412824832.000000 -0.203119352 0.877324522 0.016233224 -0.595959663 -0.078083098 0.111860253 0.791342139
1753126199712894208.000000 -0.325041354 1.065814495 0.023647092 -0.620068312 -0.011086105 0.009694776 0.784409642
1753126199979618816.000000 -0.373815328 1.235825419 0.030517396 -0.627360165 0.041823853 -0.034208573 0.776852429
1753126200546409216.000000 -0.356029809 1.621109486 0.035643831 -0.614479184 0.020310443 0.047739696 0.787225366
1753126200779796480.000000 -0.383092374 1.768134832 0.038562451 -0.629649043 -0.016118947 0.064475402 0.774031818
1753126201079867904.000000 -0.455073804 1.941319585 0.029428061 -0.632382274 -0.018926041 0.041792694 0.773296773
1753126201479961600.000000 -0.518761754 2.161996126 0.042573661 -0.628083229 0.063243836 -0.046977989 0.774147809
1753126201680006912.000000 -0.511523426 2.273871422 0.032083251 -0.621842086 0.089580186 -0.073746823 0.774499357
1753126201946735104.000000 -0.469358414 2.440570593 0.034237877 -0.612973988 0.090047844 -0.055609092 0.782982647
1753126202346825728.000000 -0.462847024 2.704725981 0.049459476 -0.624966025 0.059534281 -0.067729637 0.775426209
1753126202580212736.000000 -0.485625029 2.862488031 0.040890485 -0.628095984 0.072971702 -0.094714835 0.768895149
1753126202846948608.000000 -0.506319284 3.027289391 0.056584008 -0.624364257 0.115445316 -0.130452439 0.761461735
1753126203347078400.000000 -0.441465706 3.299031019 0.045430269 -0.620986223 0.164153844 -0.162380934 0.749040782
1753126203447103744.000000 -0.414641231 3.352926016 0.048109494 -0.617987096 0.162740573 -0.157567993 0.752847850
1753126203813863936.000000 -0.333749682 3.559867620 0.059718434 -0.630140543 0.148822129 -0.138631955 0.749370515
1753126204080597504.000000 -0.318142414 3.716696501 0.051115327 -0.632108390 0.155661687 -0.174549133 0.738742948
1753126204347331072.000000 -0.319555968 3.885143042 0.060765252 -0.618688166 0.188655257 -0.230313152 0.727042019
1753126204614065408.000000 -0.268616945 4.028507710 0.062771998 -0.613083065 0.246583149 -0.260962248 0.703722060
1753126204947481344.000000 -0.155462608 4.176614285 0.047730725 -0.601292551 0.271421432 -0.265094370 0.703208804
1753126205447606016.000000 0.027989715 4.413373947 0.062190086 -0.613722265 0.234374404 -0.234849930 0.716421068
1753126205847705856.000000 0.102193862 4.632253170 0.054478846 -0.609376371 0.242508948 -0.257514536 0.709602833
1753126206347831040.000000 0.225901723 4.877845764 0.059883859 -0.601937711 0.265978277 -0.261952937 0.705908835
1753126206747930880.000000 0.374893069 5.070841312 0.060476616 -0.612810373 0.210744247 -0.207341596 0.732843637
1753126207281395968.000000 0.488396317 5.329772472 0.063604593 -0.628293693 0.164894924 -0.178880766 0.738957644
1753126207781518848.000000 0.518965125 5.572623730 0.073140740 -0.619211257 0.162097931 -0.183551610 0.746063352
1753126208248299776.000000 0.605559707 5.781744003 0.065413788 -0.636419535 0.121735997 -0.113333389 0.753197253
1753126208748421120.000000 0.677317560 5.989947796 0.089820713 -0.649907947 -0.005526291 0.017890658 0.759782314
1753126209115177984.000000 0.641572714 6.080172539 0.095092341 -0.639717996 -0.077564359 0.105100669 0.757428944
1753126209648640512.000000 0.516689420 6.163259983 0.096110061 -0.626442075 -0.161521301 0.198852286 0.736165106
1753126210082077696.000000 0.455614179 6.259431362 0.097902693 -0.603368163 -0.272736251 0.316609085 0.679205775
1753126210482174720.000000 0.413468897 6.372625351 0.105697721 -0.548368692 -0.382599980 0.432226211 0.605053306
1753126213116130560.000000 -0.020403534 5.892933369 0.105212331 0.293864846 0.617733359 -0.662589371 -0.304998964
1753126213516227328.000000 -0.065577313 5.703886509 0.101472616 0.307991475 0.611877620 -0.655251920 -0.318421006
1753126214049687040.000000 -0.165736377 5.492256641 0.099893399 0.315210700 0.615028143 -0.650458872 -0.315096647
1753126214549804800.000000 -0.363071173 5.333779812 0.102769703 0.278442591 0.614862859 -0.682111621 -0.281313390
1753126214849876736.000000 -0.462144881 5.213160515 0.104799688 0.267586857 0.631108224 -0.677137315 -0.267553389
1753126216116818944.000000 -0.854651332 4.642049789 0.089246169 -0.288554698 -0.651827097 0.649861753 0.263699561
1753126218950782464.000000 -1.365270734 3.363805294 0.080570094 -0.208315164 -0.718355000 0.635117650 0.192863837
1753126219384213760.000000 -1.381467581 3.188420296 0.082569316 -0.191586554 -0.731326878 0.635506570 0.156802550
1753126219917671168.000000 -1.517453074 2.948808432 0.077363253 -0.163377479 -0.748003900 0.635370851 0.100508094
1753126220317766912.000000 -1.542161942 2.786800861 0.086286083 -0.075054973 -0.755900562 0.648611665 0.047792584
1753126220784542208.000000 -1.488434434 2.627811193 0.095715828 -0.041494664 -0.727040648 0.684531510 0.033267636
1753126221684746240.000000 -1.446216464 2.303061962 0.107043087 -0.086423025 0.681414127 -0.719299138 0.103993692
1753126222118177536.000000 -1.439295769 2.145700932 0.122759350 -0.175739542 0.658395648 -0.704951942 0.196656242
1753126222518268160.000000 -1.372146249 2.076441288 0.117737383 -0.207784504 0.638126552 -0.699935377 0.244357750
1753126222918360064.000000 -1.268950820 2.048109531 0.110559613 -0.250915200 0.614000261 -0.687370420 0.295917481
1753126223285110016.000000 -1.187143803 1.997185230 0.120851628 -0.343654960 0.575906992 -0.634472847 0.384287298
1753126223485155072.000000 -1.149176002 1.949453235 0.126023948 -0.393122137 0.544653833 -0.596422076 0.439417869
1753126223651859968.000000 -1.118372679 1.913954854 0.130717769 -0.431957692 0.511190832 -0.565498471 0.481983483
1753126223785224448.000000 -1.092812777 1.891900420 0.131274536 -0.466922492 0.479921192 -0.538979828 0.511037946
1753126223918587648.000000 -1.068642974 1.871239543 0.130534545 -0.502032518 0.447773397 -0.503655970 0.542026877
1753126224218657280.000000 -1.026664138 1.841933370 0.129163608 -0.549945652 0.392806560 -0.432337910 0.596947789
1753126224518725632.000000 -0.985391676 1.865550280 0.128394172 -0.567855954 0.366756707 -0.397247374 0.620663881
1753126224818794496.000000 -0.950405836 1.927115321 0.128008097 -0.562989056 0.351218849 -0.398720950 0.633016825
1753126225185545472.000000 -0.889938772 2.021641254 0.120534986 -0.584496021 0.342438847 -0.380802214 0.629356563
1753126225552297472.000000 -0.788423836 2.096452236 0.114685349 -0.624066412 0.308942974 -0.321560323 0.641634107
1753126225952389632.000000 -0.635114849 2.175346613 0.116362587 -0.672578573 0.225927189 -0.224664807 0.667922616
1753126226285799680.000000 -0.551850557 2.274841070 0.100449800 -0.728179455 0.165555939 -0.135533795 0.651134789
1753126226419164160.000000 -0.536522985 2.328257799 0.092179582 -0.745799243 0.148062438 -0.113650478 0.639487803
1753126226552527616.000000 -0.533033073 2.385114908 0.083151624 -0.757978857 0.139056101 -0.108004883 0.628065586
1753126226952620800.000000 -0.558085084 2.531544685 0.090928584 -0.737639606 0.161280066 -0.143412128 0.639773011
1753126227319374080.000000 -0.544821322 2.672224045 0.095463097 -0.727430105 0.156338051 -0.150476202 0.650969207
1753126227619443968.000000 -0.470323801 2.800034761 0.093453318 -0.711735427 0.125865102 -0.089578800 0.685249090
1753126227886172416.000000 -0.410274863 2.936813831 0.099394739 -0.720076144 0.090439685 -0.046028506 0.686434627
1753126228219584768.000000 -0.402739286 3.091825485 0.100624755 -0.729864061 0.052956529 -0.029893009 0.680882215
1753126228719699968.000000 -0.458816230 3.338677883 0.097262569 -0.727346420 0.069815986 -0.064078361 0.679696262
1753126229053107200.000000 -0.423450708 3.492468357 0.098577112 -0.727843523 0.154265702 -0.115969673 0.658025086
1753126229453196032.000000 -0.319124311 3.683314323 0.092821732 -0.720471740 0.189819962 -0.123211287 0.655521095
1753126229786603776.000000 -0.254225254 3.827889442 0.102408707 -0.718053162 0.187791884 -0.137401402 0.655938148
1753126230053330944.000000 -0.213092953 3.947484970 0.100519404 -0.707742751 0.212503359 -0.173708752 0.650974512
1753126230386738432.000000 -0.158578277 4.105806828 0.100568175 -0.685050011 0.271760821 -0.225768074 0.637088180
1753126230820174080.000000 -0.076632999 4.276705265 0.100018345 -0.674113035 0.325609535 -0.270718277 0.605195582
1753126231320295936.000000 0.111426197 4.413946152 0.102248318 -0.654511988 0.315723747 -0.268315971 0.632407486
1753126231820414976.000000 0.234697193 4.590279102 0.102847636 -0.681203306 0.273422986 -0.234199375 0.637457907
1753126232353870592.000000 0.254274160 4.834892273 0.101178467 -0.689057350 0.208325937 -0.210611954 0.661394656
1753126232753965824.000000 0.276718289 4.984025002 0.103482254 -0.718627512 0.117655180 -0.121451586 0.674523056
1753126233154065408.000000 0.305493057 5.129564285 0.099853851 -0.725590706 -0.048493125 0.039716925 0.685265720
1753126236021427712.000000 -0.390574932 5.585713863 0.094623819 -0.657439768 -0.320754230 0.310994685 0.606771886
1753126238021908736.000000 -1.002179861 5.212467194 0.095417708 -0.335114777 -0.649115324 0.607193530 0.312511474
1753126238422003712.000000 -1.050371647 5.089724064 0.088202395 -0.264707416 -0.680327237 0.634169638 0.254781932
1753126238788758272.000000 -1.037299752 4.941707134 0.094528958 -0.254532874 -0.668673933 0.649802089 0.256603807
1753126240555848448.000000 -1.191287398 4.391339302 0.075740822 -0.302306652 -0.709353924 0.583908737 0.253926009
1753126241656109056.000000 -1.099727869 4.362352848 0.073935822 -0.567395985 -0.549989462 0.381542802 0.479581624
1753126244256712960.000000 -0.987837672 4.631692886 0.100760408 -0.662009060 -0.274024308 0.269747347 0.643343747
1753126246957340672.000000 -1.058489323 4.536795616 0.102617100 -0.685016572 -0.204001352 0.193966493 0.671947002
1753126249491307264.000000 -0.933724582 4.929015160 0.093712628 -0.728006065 -0.023664102 0.045927268 0.683621168
1753126251558466560.000000 -1.347322941 5.434177876 0.068410397 -0.564162612 -0.504100859 0.480483919 0.443551719
1753126252091930624.000000 -1.374282598 5.424644470 0.066462472 -0.553897202 -0.522368193 0.497782141 0.415382147
1753126254825931520.000000 -0.837779820 5.030505657 0.113237433 -0.619743347 -0.189800024 0.310145706 0.695488214
1753126257393216768.000000 -1.492685556 5.071064949 0.116933174 -0.583088517 -0.267943829 0.312381655 0.700451076
1753126258393431808.000000 -1.566663504 5.089301109 0.118036062 -0.544583678 -0.259417325 0.349988043 0.716686606
1753126260827303168.000000 -1.578240395 5.119682312 0.118264399 -0.596311033 -0.223846912 0.307082146 0.707111239
1753126262894458624.000000 -1.603652716 5.118154049 0.121067680 -0.598688841 -0.207537696 0.299939245 0.713117242
1753126263894699264.000000 -1.609974861 5.118331432 0.121456981 -0.598394215 -0.218179435 0.300814569 0.709811747
1753126264928283136.000000 -1.613214731 5.108198643 0.121804252 -0.583116353 -0.239290118 0.316168815 0.709050775
1753126265928525056.000000 -1.627704382 5.096193790 0.122929506 -0.582906842 -0.258079171 0.306424767 0.706907809
1753126267462221056.000000 -1.623127937 5.087348938 0.119972490 -0.582336962 -0.251987785 0.305313766 0.710048854
1753126267962339840.000000 -1.620020747 5.083261967 0.118744813 -0.576270998 -0.248862326 0.301377654 0.717740059
1753126268395776256.000000 -1.542836428 5.158092022 0.121901050 -0.598532438 -0.232588038 0.313901603 0.699376523
1753126270901042944.000000 -0.925056040 4.831688881 0.098551758 -0.663083136 -0.270638943 0.287672400 0.635861516
1753126273700218112.000000 -0.856550813 4.704537392 0.115189411 -0.602089822 -0.276649445 0.313471466 0.680212259
1753126276466061312.000000 -1.380676866 5.149878025 0.107694931 -0.654896200 -0.143236592 0.199123934 0.714803457
1753126279265305856.000000 -1.353866696 5.419441700 0.104006417 -0.650518298 -0.190577716 0.312760949 0.665347099
1753126279765569280.000000 -1.359726191 5.421248913 0.104122125 -0.659360051 -0.184819847 0.303603917 0.662503302
1753126282433226240.000000 -1.377535105 5.439112186 0.097164586 -0.688140452 -0.212198794 0.274605125 0.637202144
1753126282966299648.000000 -1.361347079 5.431924343 0.096112080 -0.676067770 -0.238730013 0.282418489 0.637322664
1753126285733291264.000000 -1.364206791 5.395038128 0.106018953 -0.657183826 -0.193340719 0.289458632 0.668537676
1753126286267275264.000000 -1.372696757 5.383765697 0.106178552 -0.658228159 -0.175055206 0.270259172 0.680478752
1753126289134353920.000000 -1.326059222 5.513616085 0.111538388 -0.678401470 -0.174137071 0.251443386 0.668000042
1753126290934301696.000000 -0.878022432 5.085057259 0.104498848 -0.643540740 -0.187493488 0.196480080 0.715609670
1753126293734266880.000000 -0.204612583 4.826780796 0.096379228 -0.709477067 -0.119119368 0.194757566 0.666725099
1753126295434210560.000000 -0.143214181 4.490717888 0.111044884 -0.660363436 -0.001531331 0.018432310 0.750718355
1753126297969330432.000000 -0.210735038 4.517026424 0.104148827 -0.661140025 0.004115938 0.006469864 0.750223339
1753126300536582400.000000 -0.247386709 4.566827297 0.104874276 -0.687544525 0.000400138 0.041159462 0.724974751
1753126303172944384.000000 -0.241485089 4.603983879 0.113554768 -0.680870235 -0.007717104 0.067584723 0.729238331
1753126305406267904.000000 -0.253878355 4.449747086 0.123584934 -0.575585604 -0.246486619 0.304627568 0.717737854
1753126305939595520.000000 -0.269811064 4.469777107 0.118470550 -0.574140131 -0.293516994 0.338535637 0.685276985
1753126306506249472.000000 -0.345924079 4.493644238 0.108504206 -0.486118495 -0.527388752 0.503590286 0.481608450
1753126307072902912.000000 -0.337135047 4.436641693 0.110560238 0.332065672 0.597306371 -0.620525420 -0.384585023
1753126307672878848.000000 -0.422078311 4.390057564 0.104678869 0.367537290 0.590440929 -0.603533149 -0.389927596
1753126308239564288.000000 -0.475785911 4.546568394 0.112680450 0.377270371 0.554870129 -0.629960835 -0.391069829
1753126308739567872.000000 -0.518513143 4.615822792 0.112760372 0.322961599 0.573737800 -0.677573681 -0.327741921
1753126309272884992.000000 -0.525947213 4.591687679 0.112118445 0.302033693 0.577107251 -0.690986991 -0.313464284
1753126309839535104.000000 -0.536206305 4.599982738 0.111509845 0.376635522 0.556483090 -0.645244718 -0.363498986
1753126310372865024.000000 -0.518984497 4.653607368 0.110025227 -0.535134554 -0.440425634 0.510651410 0.508813858
1753126310939526912.000000 -0.522781849 4.573647976 0.109249949 -0.642629862 -0.279619187 0.333220005 0.630717397
1753126311472849920.000000 -0.592811048 4.493684769 0.095391922 -0.695394754 -0.191665173 0.173344910 0.670553684
1753126312006179328.000000 -0.505187154 4.493605614 0.099453099 -0.688324749 -0.139112905 0.137653723 0.698504210
1753126312606164992.000000 -0.473819375 4.496957779 0.103437632 -0.692257106 -0.044293158 0.078163899 0.716036797
1753126313139489536.000000 -0.524442971 4.459295750 0.112071373 -0.667768717 -0.060221355 0.052549019 0.740065515
1753126313706134016.000000 -0.531939507 4.442702770 0.111255243 -0.661705971 -0.062327221 0.055731293 0.745086968
1753126314206134784.000000 -0.536387920 4.447685719 0.111589074 -0.663843036 -0.057689458 0.051676922 0.743850768
1753126314772792320.000000 -0.542132318 4.452713013 0.110430710 -0.664479911 -0.058620866 0.049906354 0.743329942
1753126315372784384.000000 -0.550507009 4.459043503 0.108710013 -0.666971743 -0.062894553 0.050555255 0.740700424
1753126315906101248.000000 -0.569836140 4.466675758 0.107644640 -0.669332504 -0.071849577 0.057997935 0.737202823
1753126316439409152.000000 -0.631206512 4.474207401 0.098550931 -0.688641489 -0.088641815 0.073801145 0.715869427
1753126316972728320.000000 -0.625316501 4.504029274 0.095067568 -0.695982814 -0.133460358 0.116791680 0.695813298
