1754516391228963328.000000 -0.000592059 -0.041400149 0.006065737 -0.621931732 0.089405321 -0.005607495 0.777930677
1754516391495701760.000000 0.018902386 0.016442433 0.009837387 -0.635882914 0.073122077 0.003713846 0.768304884
1754516391762437888.000000 0.019604905 0.094986998 0.008973328 -0.655455768 0.050013646 0.011628934 0.753485918
1754516392029173760.000000 0.003425288 0.191104785 0.002490134 -0.671139657 0.038061801 0.005459805 0.740333080
1754516392295911168.000000 -0.014076049 0.285949886 0.005416631 -0.689129770 0.030976927 0.002472709 0.723971367
1754516392562644736.000000 -0.024269078 0.378232300 0.000418908 -0.705834687 0.060339712 -0.023981832 0.705394566
1754516392829373440.000000 -0.020225123 0.475091547 -0.002336786 -0.717681468 0.083258398 -0.040966939 0.690161705
1754516393096100864.000000 0.007534326 0.585876465 -0.010479829 -0.716018915 0.084015854 -0.026403565 0.692503512
1754516393362828032.000000 0.042942498 0.723227859 -0.000963003 -0.712104142 0.069370300 -0.007344512 0.698599756
1754516393629554944.000000 0.047829237 0.856810153 0.002064158 -0.719348848 0.041743051 0.008661680 0.693339586
1754516394129663744.000000 -0.011256152 1.098076701 -0.005308629 -0.723327577 0.049202222 -0.016616613 0.688549459
1754516394463068928.000000 -0.047235772 1.242908478 0.000334449 -0.723690867 0.083322540 -0.044024024 0.683659911
1754516394863157248.000000 -0.025052669 1.448975682 -0.016582552 -0.748779953 0.113020711 -0.049863070 0.651205540
1754516395196563456.000000 0.016550308 1.640108585 -0.007780724 -0.749515414 0.097601809 -0.023300674 0.654337585
1754516395396607488.000000 0.016380083 1.747121453 -0.004976826 -0.756598353 0.064382084 -0.004973246 0.650683641
1754516395563312896.000000 0.004872127 1.831862330 -0.007319711 -0.762881398 0.043923706 0.008210815 0.644992471
1754516395863384832.000000 -0.048764843 1.973581195 -0.021209605 -0.757693589 0.033249486 0.001538614 0.651761055
1754516396030090752.000000 -0.088423103 2.050989628 -0.012408930 -0.749064326 0.034186140 -0.011219881 0.661519587
1754516396263480320.000000 -0.121927425 2.158814907 -0.009686872 -0.753465235 0.053733584 -0.026491867 0.654752672
1754516396663571968.000000 -0.144467413 2.326586246 -0.012593633 -0.762112737 0.049777418 -0.021921195 0.645155609
1754516396763593728.000000 -0.143079638 2.370642900 -0.016331241 -0.761241078 0.037795402 -0.003007939 0.647359669
1754516396863615744.000000 -0.137503743 2.418756485 -0.017735925 -0.757442951 0.027932998 0.016761420 0.652088284
1754516398063889408.000000 -0.201231703 2.918788910 -0.019021340 -0.758828402 0.025979886 -0.003564405 0.650762439
1754516398197255680.000000 -0.231201783 2.975660086 -0.016330704 -0.756675005 0.021060474 0.003010498 0.653445005
1754516401031499008.000000 -0.428295404 4.100739479 0.003753253 -0.746783793 -0.065417409 0.020175328 0.661534250
1754516402698556928.000000 -0.539742231 4.984587669 -0.000306854 -0.776292801 0.020899620 -0.030549301 0.629284978
1754516402998620416.000000 -0.568484545 5.131971359 0.003400948 -0.782636225 0.062361561 -0.055222921 0.616880894
1754516403298682880.000000 -0.564556658 5.280454636 -0.011651509 -0.789045691 0.066609822 -0.047494970 0.608863175
1754516403598745600.000000 -0.533950865 5.444248199 -0.002161464 -0.774913609 0.043279435 -0.000080700 0.630583763
1754516404832337920.000000 -0.707142055 6.085717678 0.012408001 -0.785698175 0.052624557 -0.038914897 0.615137994
1754516405099056384.000000 -0.718824089 6.218605042 0.007826101 -0.788030982 0.071625628 -0.044167042 0.609857619
1754516405399114240.000000 -0.688690901 6.380804539 0.007114300 -0.773841560 0.077087983 -0.004748434 0.628652692
1754516405665833472.000000 -0.690754354 6.528253555 0.013646007 -0.767969847 0.058676459 0.000819098 0.637792110
1754516406132591104.000000 -0.751180768 6.764595985 0.005268387 -0.778847098 0.015078744 0.011648424 0.626924396
1754516406365968384.000000 -0.806255519 6.872817516 0.011798779 -0.764626920 0.015831562 -0.014005982 0.644126534
1754516406866072832.000000 -0.844155729 7.099524021 0.024147738 -0.757040083 0.080009684 -0.056692440 0.645968080
1754516407099456512.000000 -0.825793803 7.210902214 0.012891198 -0.747327268 0.094648883 -0.043484759 0.656241298
1754516407332838656.000000 -0.803002119 7.352258205 0.013718146 -0.746349812 0.088379994 -0.022391448 0.659279585
1754516407532881664.000000 -0.799146056 7.462772846 0.018567115 -0.750694394 0.063367546 -0.014521684 0.657443285
1754516407732925184.000000 -0.804490268 7.556884289 0.021254007 -0.758016348 0.050663680 -0.015083527 0.650089920
1754516407832947456.000000 -0.806124449 7.600508690 0.021906834 -0.761045098 0.053597499 -0.017064512 0.646255791
1754516408099671808.000000 -0.816984415 7.721096039 0.018042933 -0.763628840 0.093712874 -0.060312625 0.635964990
1754516408266375424.000000 -0.832169712 7.795425415 0.021345768 -0.752356946 0.127713248 -0.093977742 0.639387667
1754516408499758592.000000 -0.854476869 7.905239582 0.028129211 -0.740909100 0.183571547 -0.139306143 0.630832016
1754516408666460160.000000 -0.865933299 7.975614548 0.031389929 -0.737143099 0.207773715 -0.163747221 0.621801436
1754516408999860992.000000 -0.841853440 8.090920448 0.026835963 -0.735385954 0.239715308 -0.188946918 0.605015039
1754516409266582016.000000 -0.794994593 8.186012268 0.020677861 -0.726405978 0.265989959 -0.199555382 0.601466000
1754516409566642176.000000 -0.755159736 8.290609360 0.027680498 -0.719830453 0.275180727 -0.219619676 0.598236501
1754516410066744320.000000 -0.694727600 8.432013512 0.031070970 -0.708916903 0.323747307 -0.257345945 0.571312249
1754516410266784256.000000 -0.675683081 8.506188393 0.031151492 -0.689214647 0.349856824 -0.289184749 0.564761579
1754516410500164608.000000 -0.644162953 8.596979141 0.033030417 -0.671451926 0.379469931 -0.311719447 0.554964781
1754516410833565184.000000 -0.586680710 8.696456909 0.026667930 -0.657316148 0.425972074 -0.343036979 0.518467963
1754516411166964736.000000 -0.488099247 8.769533157 0.017305663 -0.646735072 0.446080953 -0.357650340 0.504808784
1754516411500365056.000000 -0.326077312 8.815617561 0.021072784 -0.615559816 0.467957228 -0.352008730 0.527439237
1754516411733748736.000000 -0.219824448 8.861690521 0.026601048 -0.617892981 0.456226677 -0.357927382 0.530992925
1754516412067154432.000000 -0.073593579 8.932761192 0.025800601 -0.605743825 0.477481425 -0.390885860 0.502289057
1754516412300538624.000000 0.044690307 8.992511749 0.010900740 -0.592168093 0.495122194 -0.422520787 0.475044519
1754516412567262720.000000 0.179075271 9.054305077 0.020752536 -0.558313370 0.512626827 -0.455011100 0.467402369
1754516413100713728.000000 0.469385624 9.093271255 0.009064239 0.525438607 -0.547936618 0.465772003 -0.454682648
1754516413600823040.000000 0.775722206 9.111434937 0.024570083 -0.552493930 0.519131005 -0.441189229 0.480214089
1754516413967570944.000000 0.969048858 9.149862289 0.009417798 -0.564583302 0.521710277 -0.434819669 0.469037294
1754516414267636736.000000 1.125599265 9.204765320 0.011431552 -0.551719725 0.520301044 -0.463729203 0.458091080
1754516414567703808.000000 1.274268389 9.234938622 0.021239411 -0.533801556 0.528570116 -0.471238077 0.462173402
1754516414934451456.000000 1.467935085 9.227029800 0.010964388 0.511214852 -0.555910170 0.476125211 -0.450475425
1754516415201176576.000000 1.617962956 9.204492569 0.017825222 0.508134544 -0.542504668 0.467267454 -0.478695154
1754516415467903232.000000 1.760141015 9.204573631 0.027189828 -0.528663695 0.521061361 -0.453216761 0.493562996
1754516415767995392.000000 1.905058503 9.231538773 0.024217455 -0.539540648 0.513133943 -0.447371691 0.495427132
1754516416034746880.000000 2.025790215 9.277268410 0.016934179 -0.536680937 0.487019330 -0.451012552 0.520935237
1754516416301501184.000000 2.155399323 9.316091537 0.029187135 -0.526550949 0.476881683 -0.451209068 0.540128112
1754516416568252928.000000 2.293237448 9.337972641 0.029331544 -0.519728243 0.496665210 -0.450976253 0.528986394
1754516416868344576.000000 2.460193396 9.334891319 0.019039487 -0.514050841 0.492083281 -0.442447543 0.545752645
1754516417135092992.000000 2.627143621 9.317236900 0.025082450 -0.515847445 0.483652294 -0.436879605 0.555984020
1754516417435187456.000000 2.801191092 9.339961052 0.020857772 -0.529942751 0.494971216 -0.433096051 0.535342932
1754516417868623104.000000 3.008978367 9.430285454 0.011860499 -0.514820337 0.488951027 -0.478248835 0.516880155
1754516418135351040.000000 3.139615536 9.478101730 0.025721913 -0.494299978 0.493628591 -0.497872770 0.513927162
1754516418435418112.000000 3.298394203 9.511233330 0.017223859 0.485906035 -0.533971667 0.512324631 -0.465073168
1754516418702147328.000000 3.448426008 9.500276566 -0.000153359 0.484592915 -0.549184024 0.505263448 -0.456372023
1754516419002219264.000000 3.634675980 9.478070259 0.001438392 0.484158725 -0.558016300 0.501982868 -0.449690342
1754516419335631616.000000 3.820723295 9.495207787 0.001370795 0.496481806 -0.559792936 0.503969908 -0.431453407
1754516419635702784.000000 3.977672815 9.527890205 -0.016261902 0.482076168 -0.577819705 0.516246974 -0.408920676
1754516419935775488.000000 4.135469913 9.580791473 -0.014830012 0.450853705 -0.604696929 0.534699857 -0.381010115
1754516420235847680.000000 4.284670830 9.610427856 -0.014186084 0.442648411 -0.623946488 0.536128938 -0.356817812
1754516420502578176.000000 4.428617954 9.608567238 -0.030787416 0.436885476 -0.640686691 0.532021105 -0.340007812
1754516420769312768.000000 4.580457211 9.594466209 -0.028647745 0.417365164 -0.652695894 0.526795149 -0.349687576
1754516421069388032.000000 4.737043381 9.608830452 -0.021943908 0.438900828 -0.643409729 0.512814224 -0.361125559
1754516421336122624.000000 4.880048275 9.648378372 -0.030408317 0.443774492 -0.649687767 0.514038622 -0.341664076
1754516421636194816.000000 5.022183895 9.711882591 -0.027915191 0.396004975 -0.665057838 0.544667780 -0.322823822
1754516421936263424.000000 5.162918091 9.746637344 -0.025692912 0.339627415 -0.704267204 0.557793558 -0.278437346
1754516422269672960.000000 5.301552773 9.743502617 -0.026135100 0.302951664 -0.723879218 0.569106400 -0.245636299
1754516422569742080.000000 5.432351112 9.706274033 -0.030724578 0.295937270 -0.723215520 0.559867799 -0.275551349
1754516422869810944.000000 5.559020042 9.679774284 -0.023035094 0.280417800 -0.723090291 0.574089646 -0.262540549
1754516423169879552.000000 5.672032833 9.674528122 -0.020924378 0.255786002 -0.739721477 0.579673946 -0.226636022
1754516423469948672.000000 5.806566715 9.705585480 -0.028301958 0.216413692 -0.754047751 0.593920767 -0.178424507
1754516423770017536.000000 5.940567970 9.738716125 -0.019428356 0.181374192 -0.766084611 0.596547961 -0.156039476
1754516424070086400.000000 6.044275284 9.769773483 -0.019075233 0.178284585 -0.766745389 0.599498391 -0.144629791
1754516424403496960.000000 6.140042782 9.770815849 -0.021529969 0.182925701 -0.764100194 0.603327930 -0.136690915
1754516424703570176.000000 6.229563713 9.718855858 -0.030225394 0.158503413 -0.769925773 0.598612070 -0.154125080
1754516425003644672.000000 6.343792439 9.663398743 -0.029349325 0.165137976 -0.772048414 0.592919409 -0.158484221
1754516425303720448.000000 6.442747593 9.620826721 -0.026610954 0.160865426 -0.774770319 0.596502721 -0.134304419
1754516425603792896.000000 6.560985565 9.567047119 -0.032912083 0.141109109 -0.777024806 0.604179084 -0.106246695
1754516425903862016.000000 6.688011646 9.505414963 -0.025300413 0.104568936 -0.778744519 0.614411175 -0.071562946
1754516426203932160.000000 6.764849186 9.421442986 -0.022381656 0.058219329 -0.788749576 0.610545695 -0.041455641
1754516426504001024.000000 6.798073292 9.311584473 -0.030402137 0.038101222 -0.783184171 0.619632840 -0.035014737
1754516426770729216.000000 6.784923553 9.165006638 -0.032555938 0.011547560 -0.779912710 0.623188317 -0.056912851
1754516427070799104.000000 6.803534508 9.014631271 -0.024597449 0.031888314 -0.781648219 0.620525599 -0.054380376
1754516427437550080.000000 6.839620113 8.876223564 -0.024162877 0.035503902 -0.769891918 0.635127127 -0.051181901
1754516427737619200.000000 6.893601418 8.745422363 -0.015373399 0.023461448 -0.744086325 0.666977465 -0.030433733
1754516428071029248.000000 6.936971188 8.591622353 -0.005228808 0.002710764 -0.727352262 0.686020613 -0.018085383
1754516428471121408.000000 6.959636688 8.394555092 -0.016879126 0.009197401 -0.709401369 0.704326391 -0.024280250
1754516428804537088.000000 6.964350700 8.205795288 -0.002185993 -0.031931482 0.690439522 -0.721368968 0.043595061
1754516429104610560.000000 6.994798183 8.049397469 -0.000765407 -0.036683664 0.684316874 -0.726426184 0.051670413
1754516429371342336.000000 7.057455063 7.916413784 -0.011350388 -0.036751870 0.676448345 -0.733758152 0.051633589
1754516429638078208.000000 7.121629715 7.780022621 0.000291586 -0.023101874 0.684783220 -0.726974130 0.045242023
1754516429904814592.000000 7.154203892 7.648170948 -0.004417546 0.000026141 0.702050686 -0.711487412 0.030175688
1754516430204894208.000000 7.158493996 7.486674786 -0.019916715 -0.003036049 -0.710426629 0.702947438 -0.033907495
1754516430504973056.000000 7.139757633 7.294303417 -0.019118177 0.013020308 -0.719486952 0.692459524 -0.051660258
1754516430805041408.000000 7.152914524 7.143095970 -0.017993167 0.030905066 -0.729978621 0.681262791 -0.045355927
1754516431105110528.000000 7.182494164 6.997483730 -0.030506566 0.038379647 -0.747330070 0.661916137 -0.043495640
1754516431405178624.000000 7.250412941 6.851069450 -0.040268093 0.051349889 -0.745953560 0.663717806 -0.019878978
1754516431705248768.000000 7.288441181 6.696170330 -0.030600004 0.037900399 -0.753180444 0.656605124 -0.012352469
1754516432005320704.000000 7.302434444 6.531254292 -0.043432787 0.029801581 -0.771368742 0.635592878 -0.011128793
1754516432272050688.000000 7.290886879 6.383225441 -0.058640525 0.033455778 -0.773869276 0.631931126 -0.025885263
1754516432572123648.000000 7.291272163 6.215454578 -0.047320433 0.065999493 -0.766815245 0.636603892 -0.048723660
1754516432872203008.000000 7.308909893 6.077580452 -0.046058040 0.087383926 -0.773927152 0.624623656 -0.056974299
1754516433172281856.000000 7.348053455 5.950329781 -0.051039062 0.082660049 -0.766432226 0.635119677 -0.048703820
1754516433472361216.000000 7.400396347 5.799732208 -0.045972288 0.066469222 -0.764891684 0.640002310 -0.030326374
1754516433739092224.000000 7.427523136 5.656362534 -0.047410417 0.040774640 -0.779402971 0.624895215 -0.019351369
1754516434039163392.000000 7.420736313 5.500383377 -0.060760044 0.020551238 -0.787150562 0.615580678 -0.032125931
1754516434339234048.000000 7.417327404 5.337832928 -0.055258028 0.044540659 -0.778375566 0.623728871 -0.055766739
1754516434639304960.000000 7.436573029 5.177664280 -0.056010064 0.085433304 -0.783278525 0.611408234 -0.073183931
1754516434906032640.000000 7.474423409 5.032557964 -0.062720895 0.103446603 -0.788950861 0.599590600 -0.085710712
1754516435206100736.000000 7.550855160 4.871584415 -0.059741989 0.097537979 -0.787799239 0.605026245 -0.061660893
1754516435506170112.000000 7.599069118 4.735136509 -0.059000842 0.071100369 -0.791934371 0.605107784 -0.040363941
1754516435739556096.000000 7.611005306 4.628947258 -0.065708399 0.064934365 -0.795176864 0.601586759 -0.039630335
1754516436006284544.000000 7.604973316 4.478492260 -0.074221186 0.082218587 -0.794281900 0.598507166 -0.064386740
1754516436273011712.000000 7.612675667 4.325201035 -0.065756597 0.108309023 -0.789279222 0.600078702 -0.072201647
1754516436506397952.000000 7.633941174 4.204301357 -0.067743465 0.127150193 -0.800156951 0.581049323 -0.077222712
1754516436806470144.000000 7.673677444 4.061365128 -0.085696146 0.137729004 -0.809681177 0.565166235 -0.077679612
1754516437073200128.000000 7.726762772 3.949129820 -0.076202132 0.157228261 -0.794731855 0.581181765 -0.076864995
1754516437373271808.000000 7.764117241 3.824866056 -0.075625941 0.161386803 -0.798760831 0.573741615 -0.082195237
1754516437640001536.000000 7.770920277 3.729127645 -0.077140793 0.178805247 -0.796283126 0.568870068 -0.101728097
1754516437873388288.000000 7.751318932 3.638547421 -0.086120903 0.209503397 -0.788897514 0.562086880 -0.133444741
1754516438106775808.000000 7.715991497 3.533147812 -0.081026398 0.222699776 -0.787341774 0.555359304 -0.148572862
1754516438340162304.000000 7.684352875 3.444006205 -0.083391339 0.224810719 -0.791872740 0.546461642 -0.154199108
1754516438673574656.000000 7.654189110 3.358815670 -0.081232063 0.201034233 -0.799936950 0.545812488 -0.147563234
1754516438906963200.000000 7.648684025 3.298203230 -0.084319428 0.145046830 -0.813960433 0.551896572 -0.108811937
1754516439140351744.000000 7.658069611 3.239433050 -0.076943561 0.080249719 -0.817833424 0.567520678 -0.051273242
1754516439407082496.000000 7.676807404 3.171298265 -0.074743114 0.027714102 -0.819033384 0.573047996 -0.005683544
1754516441440921088.000000 7.390815258 3.002123356 -0.026020637 -0.249569669 -0.755737066 0.567757785 0.210303590
1754516441640971520.000000 7.367588043 2.977656364 -0.014998228 -0.288341582 -0.730821371 0.567048609 0.247417137
1754516441907704064.000000 7.375197887 2.890294313 -0.005977456 -0.323337436 -0.701017559 0.565919638 0.289417088
1754516443408058368.000000 7.036882877 2.403041601 -0.010078902 -0.311985672 -0.690109193 0.593180239 0.273041099
1754516443808149504.000000 6.936573982 2.213896275 -0.002052824 -0.333600581 -0.654780924 0.596808434 0.322168350
1754516445075106048.000000 6.403079033 1.795073628 -0.014231163 -0.397160560 -0.641520023 0.560173512 0.341937333
1754516445341835008.000000 6.304272652 1.692960620 -0.023306008 -0.397689611 -0.647000611 0.551004767 0.345871300
1754516445608566528.000000 6.202954292 1.571271181 -0.031885993 -0.414029121 -0.629242063 0.539689064 0.375992179
1754516446075355648.000000 6.003483772 1.403494477 -0.026291035 -0.466355920 -0.604163647 0.503049552 0.405511707
1754516448509261312.000000 4.906732559 1.005901217 -0.040028349 -0.549824893 -0.547871172 0.460054129 0.431138098
1754516451376643840.000000 3.446942806 0.710548520 -0.034384903 -0.564175069 -0.545908928 0.430259258 0.445608497
1754516452910336256.000000 2.688701630 0.635308921 -0.021731231 -0.581255794 -0.537413061 0.416648000 0.446915358
1754516455777668608.000000 1.301429987 0.270367444 -0.022522578 -0.671080828 -0.406999886 0.292914510 0.546079516
1754516458611676160.000000 0.357363641 0.424022198 -0.019784279 -0.768108010 -0.114647180 0.074604906 0.625539958
1754516459778616064.000000 0.238216311 0.565357983 -0.014726276 -0.776107073 0.009717374 -0.016786514 0.630302787
1754516460112028416.000000 0.239484206 0.611400127 -0.017590327 -0.783629596 0.013474770 -0.024862491 0.620584369
1754516460512123648.000000 0.327301949 0.695596278 -0.018802024 -0.786936760 0.013272492 -0.019634824 0.616578400
1754516462279213312.000000 0.333570957 1.069730163 -0.042199157 -0.743902683 -0.342139423 0.199255735 0.538374126
1754516464979915520.000000 0.763190389 1.073885918 -0.018981403 -0.530985415 -0.579917312 0.459925562 0.412575871
1754516467047092480.000000 0.834179699 1.109708190 0.007830719 -0.510136366 -0.553571045 0.500662029 0.427384555
1754516469581034496.000000 0.904776931 1.414787531 -0.009980723 -0.461577415 -0.625204563 0.515729725 0.360677868
1754516472114967040.000000 0.904478669 1.405293703 -0.007740744 -0.447644979 -0.621806264 0.519182265 0.378709406
1754516473681988864.000000 0.686425984 1.160657525 -0.022328734 -0.507256269 -0.594867170 0.480683625 0.397199512
1754516475215662848.000000 0.645467281 1.117944598 -0.015111675 -0.564587295 -0.542507470 0.419349015 0.459427118
1754516477949628160.000000 0.420520693 1.330870748 -0.040342685 -0.804110348 -0.046903793 0.037659816 0.591429174
1754516478316376064.000000 0.315934151 1.408482432 -0.037046723 -0.800501943 -0.005055980 -0.003493735 0.599298716
1754516478683125504.000000 0.228121251 1.503137589 -0.034560356 -0.802159309 0.034399379 -0.040791534 0.594721198
1754516479549988608.000000 0.159500629 1.896865606 -0.031917479 -0.799314678 0.007944262 0.006247439 0.600827634
1754516480616929536.000000 -0.027139114 2.344483137 -0.025232151 -0.798280358 0.079392068 -0.082477793 0.591306031
1754516481117043200.000000 -0.038761452 2.506221771 -0.030194417 -0.786204219 0.170306757 -0.132077038 0.579166710
1754516481617157888.000000 -0.052847631 2.690461636 -0.022671796 -0.789860845 0.179119885 -0.125166059 0.573035300
1754516482150617856.000000 -0.152909324 2.900573969 -0.019112013 -0.788250387 0.171529621 -0.133025318 0.575797975
1754516482650737408.000000 -0.256629467 3.052193165 -0.012036436 -0.782845140 0.160637185 -0.131911799 0.586471200
1754516483184199936.000000 -0.286594868 3.112649679 -0.005410522 -0.775305212 0.157010555 -0.114160717 0.601013303
1754516483717662720.000000 -0.282447875 3.169353724 -0.010355048 -0.772994995 0.116756260 -0.081495680 0.618227541
1754516484251125504.000000 -0.230162606 3.296809912 -0.011717691 -0.777706444 0.078355730 -0.039633453 0.622464657
1754516484784586240.000000 -0.291691452 3.310004950 -0.005510362 -0.770470440 0.067396648 -0.042194895 0.632497132
1754516485318044672.000000 -0.294358581 3.358721972 0.002023163 -0.756315708 0.047295559 -0.012763410 0.652370095
1754516487851988992.000000 -0.250268608 3.466171503 0.017508291 -0.727857947 -0.009840432 0.030500559 0.684978604
1754516490385942528.000000 -0.233819097 3.413504601 0.031820122 -0.660464048 0.005236630 0.029847154 0.750246048
1754516493353334784.000000 -0.248422265 3.420614004 0.029271368 -0.670375407 -0.004378650 0.019741399 0.741746545
1754516496087341568.000000 -0.252136618 3.449123859 0.027216088 -0.682925642 -0.005357930 0.022665847 0.730116606
1754516498654619392.000000 -0.240094095 3.436160326 0.026725046 -0.683398008 0.004864442 0.019613845 0.729766250
1754516501257100544.000000 -0.245386422 3.456096172 0.024286542 -0.700391710 0.012159485 0.010271640 0.713581204
1754516501757865984.000000 -0.250310689 3.462317944 0.023787040 -0.702152550 0.011438930 0.008776638 0.711880565
1754516502291194880.000000 -0.254030764 3.467448950 0.022206344 -0.704563379 0.011734119 0.005710203 0.709521055
1754516502857860096.000000 -0.252502650 3.472790718 0.021103291 -0.709599793 0.011691308 0.005515197 0.704486430
1754516503391186176.000000 -0.247166187 3.473525047 0.020862374 -0.709845603 0.012535791 0.007055147 0.704210460
1754516505991121408.000000 -0.246719331 3.459390879 0.021529417 -0.707124710 0.006748009 0.011181574 0.706968248
1754516508691050752.000000 -0.249452323 3.465354443 0.020504199 -0.708236575 0.005378485 0.013273024 0.705829918
1754516511391036160.000000 -0.253806382 3.468613863 0.018774789 -0.711377144 0.000183735 0.011109641 0.702722669
1754516513960109824.000000 -0.251955122 3.466330767 0.018976005 -0.711047947 0.000290174 0.012634417 0.703029990
1754516516659535616.000000 -0.252527595 3.475092888 0.018861391 -0.712086141 0.000553016 0.012108513 0.701987505
1754516519327328256.000000 -0.252087265 3.458416700 0.019280657 -0.710286319 -0.002357095 0.012986428 0.703789234
1754516522060611328.000000 -0.251156241 3.462806225 0.019326843 -0.708904862 -0.000796845 0.013123082 0.705181658
1754516524827218944.000000 -0.256075412 3.470873356 0.017243991 -0.712671995 -0.002601354 0.011140049 0.701404154
1754516526460543488.000000 -0.255291611 3.444987535 0.026633583 -0.658620179 -0.013125256 0.036527243 0.751473904
1754516526960549888.000000 -0.254565835 3.449353933 0.026080325 -0.657084286 -0.010103107 0.041660424 0.752597272
1754516527527211520.000000 -0.256914467 3.449250221 0.026982700 -0.650010943 -0.014548338 0.038686935 0.758800030
1754516528060552960.000000 -0.258368969 3.448194504 0.026014596 -0.659381926 -0.014203095 0.033842560 0.750911772
1754516528593967360.000000 -0.256166905 3.442518950 0.028967423 -0.662720680 -0.005628086 0.023356387 0.748481214
1754516529094671872.000000 -0.257775664 3.432014465 0.030120337 -0.654909849 -0.007518136 0.017544098 0.755465984
1754516529628727808.000000 -0.255902380 3.421216726 0.030955452 -0.651070535 -0.004036110 0.022982063 0.758658528
1754516530162192128.000000 -0.256764174 3.414243937 0.029977586 -0.651497364 0.006726515 0.016263032 0.758446813
1754516530662315520.000000 -0.265673101 3.421647072 0.030074935 -0.653848827 0.003290426 0.018400190 0.756394267
1754516531162440448.000000 -0.268953025 3.428171396 0.028958440 -0.655645072 0.007160883 0.013670024 0.754911602
1754516531662566144.000000 -0.268782496 3.427784443 0.028967766 -0.655587494 0.005139151 0.012127678 0.755004406
1754516532196032256.000000 -0.263405144 3.427040339 0.028753616 -0.656607449 0.007137195 0.012472316 0.754095674
1754516532729498112.000000 -0.262388617 3.426203966 0.029302008 -0.660602570 0.008910213 0.006242016 0.750657082
1754516533229622272.000000 -0.252435088 3.425470591 0.028328124 -0.661113381 0.036910124 -0.012609872 0.749271452
1754516533763085056.000000 -0.255414069 3.427699566 0.028799124 -0.660599411 0.030929850 -0.011584717 0.750011802
1754516534263202304.000000 -0.259943187 3.440477133 0.026147068 -0.674093425 0.020378295 -0.007647085 0.738325417
1754516534796655360.000000 -0.258480400 3.443989754 0.025942814 -0.675799012 0.016772069 -0.003460755 0.736887038
1754516535330104064.000000 -0.260726303 3.442998409 0.025110738 -0.675267637 0.012384464 0.000335202 0.737468779
1754516535830217472.000000 -0.265309244 3.447510719 0.024877023 -0.678707302 0.013126057 -0.000701842 0.734291255
1754516536363676416.000000 -0.272112459 3.448007822 0.026736617 -0.677156210 0.013730665 -0.002086079 0.735708237
1754516536897988352.000000 -0.275863707 3.446990967 0.025973713 -0.677672386 0.014383961 -0.004260754 0.735211015
1754516537399393792.000000 -0.263532072 3.442138195 0.025927797 -0.676276386 0.018580744 -0.001622227 0.736411870
1754516537933152256.000000 -0.254786491 3.441586733 0.025896925 -0.675938010 0.012723124 0.003346023 0.736841083
1754516538499809280.000000 -0.245556131 3.450445175 0.024742559 -0.676649094 0.014329863 0.006424828 0.736138165
1754516539033126400.000000 -0.247356713 3.457267523 0.025596693 -0.675933897 0.014102673 0.008185469 0.736781955
1754516539566427392.000000 -0.253975898 3.451297522 0.027352525 -0.673366129 0.006888306 0.014758800 0.739129841
1754516540099750400.000000 -0.253746331 3.445990562 0.026343189 -0.672599554 0.013449108 0.012899854 0.739771962
1754516540666395648.000000 -0.256830990 3.443719864 0.025679592 -0.674287140 0.010148122 0.009592038 0.738337219
1754516541233046528.000000 -0.256229848 3.444209337 0.023833852 -0.676881611 0.011898835 0.010789196 0.735916734
1754516541799695872.000000 -0.255749524 3.440556288 0.024917752 -0.676822662 0.013673327 0.010034728 0.735950708
1754516542366347520.000000 -0.264331400 3.444532633 0.024767313 -0.678691089 0.014423693 0.005811071 0.734259307
1754516542899672064.000000 -0.268464237 3.440908432 0.024521824 -0.679429352 0.018635804 0.000755683 0.733503938
1754516543432989952.000000 -0.271694124 3.444663525 0.025493661 -0.683241248 0.013996023 0.003644358 0.730049491
1754516543999654656.000000 -0.278703272 3.453252792 0.025534078 -0.683656573 0.011703241 0.004641648 0.729695380
1754516544566308608.000000 -0.288030118 3.465861082 0.024894215 -0.685896099 0.006460191 0.007396576 0.727633297
1754516545099630080.000000 -0.280300438 3.461502790 0.024245128 -0.686167419 0.011011419 0.004584349 0.727345943
1754516545632941056.000000 -0.267122388 3.452684879 0.024396032 -0.687653303 0.018414868 0.001508277 0.725804150
1754516546199602944.000000 -0.267951906 3.452250957 0.023642052 -0.687138796 0.020627426 0.000799758 0.726232886
1754516546766259456.000000 -0.270770580 3.454574347 0.024198730 -0.688789487 0.020509917 0.000953108 0.724670708
1754516547299589120.000000 -0.270817637 3.447477102 0.023706973 -0.685638726 0.020645434 0.000052277 0.727649212
1754516547866251264.000000 -0.267423987 3.440631628 0.023325803 -0.686419129 0.026136465 -0.002621336 0.726731658
1754516548399575552.000000 -0.271880895 3.445074558 0.021619357 -0.690261185 0.025657598 -0.002566561 0.723100662
1754516548966236928.000000 -0.276099861 3.448856115 0.023304246 -0.689536333 0.026259862 -0.002751832 0.723769724
1754516549499556096.000000 -0.282971323 3.454668760 0.022330120 -0.691806614 0.023746464 -0.003448204 0.721684039
1754516550066222080.000000 -0.280702502 3.460631132 0.023028292 -0.693711936 0.024549158 0.001348348 0.719832838
1754516550599542784.000000 -0.291282803 3.493598938 0.014490345 -0.704041123 0.039289918 -0.005013315 0.709053814
1754516551132873216.000000 -0.295472801 3.617254019 0.001250249 -0.705753922 0.031186564 0.003273538 0.707762778
1754516551666195456.000000 -0.289169818 3.877233744 0.016356628 -0.715911567 -0.030770477 0.038560271 0.696445942
1754516552166202112.000000 -0.359078407 4.101277351 0.005749119 -0.729450345 -0.030597746 0.032926161 0.682555437
1754516552666362112.000000 -0.448660940 4.337354660 0.006244278 -0.749719858 0.004324890 0.013757830 0.661598206
1754516553167094784.000000 -0.468244284 4.635663509 0.000141685 -0.757279098 0.027376892 0.016830204 0.652300239
1754516553667751168.000000 -0.502345085 4.935388565 0.013552361 -0.766888976 0.008234548 0.011746159 0.641619503
1754516554167876608.000000 -0.591385722 5.212378025 0.013274700 -0.754837990 0.021228261 -0.025741976 0.655062020
1754516554668001280.000000 -0.625870943 5.492056847 0.010280851 -0.750896692 0.060882874 -0.042994037 0.656200528
1754516555168120064.000000 -0.625730157 5.816937447 0.015719049 -0.754064739 0.024143791 -0.007932106 0.656308234
1754516555668239104.000000 -0.668751955 6.099577904 0.014103379 -0.765523076 0.050430194 -0.038697623 0.640260696
1754516556168355328.000000 -0.744433582 6.367695332 0.026525501 -0.749678254 0.107646041 -0.077831507 0.648334146
1754516556668473600.000000 -0.750866413 6.659559250 0.012024546 -0.743861079 0.122503377 -0.079149924 0.652226150
1754516557168598528.000000 -0.772321939 6.942710400 0.037313156 -0.743658245 0.097616553 -0.065875113 0.658106387
1754516557668721408.000000 -0.845825493 7.229446888 0.026150817 -0.737691343 0.142970294 -0.120336972 0.648760378
1754516558168837632.000000 -0.854787290 7.474413395 0.027486712 -0.711283982 0.256288350 -0.189597651 0.626453638
1754516558668954624.000000 -0.829146564 7.759485245 0.020577047 -0.689477861 0.288622558 -0.219419912 0.627034545
1754516559169074176.000000 -0.817688525 8.040213585 0.024356544 -0.692351162 0.309977561 -0.245177642 0.603698313
1754516559669193984.000000 -0.815442502 8.297081947 0.037032645 -0.648051977 0.394183695 -0.308588117 0.573952317
1754516560169314304.000000 -0.701977909 8.478203773 0.021785557 -0.616249740 0.451523393 -0.361494780 0.534494579
1754516560669433856.000000 -0.489370733 8.644746780 0.031836629 -0.616660416 0.451211780 -0.363653839 0.532816887
1754516561169549824.000000 -0.298568517 8.800977707 0.011055475 -0.591685534 0.492907435 -0.406139851 0.491935879
1754516561669665792.000000 -0.096020855 8.958618164 0.024083169 -0.563160121 0.526675165 -0.426392823 0.472919852
1754516562169782016.000000 0.184142590 8.989491463 0.006820124 0.537278891 -0.546606719 0.427968025 -0.478953004
1754516562703239168.000000 0.445562571 9.028343201 0.020111371 -0.581359804 0.509356081 -0.391312242 0.499451756
1754516563203355648.000000 0.652647018 9.137016296 0.011605227 -0.567896783 0.509132206 -0.426499933 0.486184508
1754516563703474944.000000 0.897756040 9.200234413 0.012681732 0.542683959 -0.553042710 0.438078701 -0.455768615
1754516564203601408.000000 1.213510752 9.220520973 0.007549729 -0.554555774 0.534163177 -0.428178668 0.473075777
1754516564737065216.000000 1.512251616 9.289623260 0.001431169 -0.579688430 0.516709983 -0.420214415 0.469459355
1754516565237180416.000000 1.778357983 9.375450134 0.017291978 -0.547770202 0.526751816 -0.453507662 0.465629756
1754516565737296896.000000 2.053329468 9.370027542 -0.000308139 -0.544206917 0.529254079 -0.448467284 0.471811414
1754516566237415936.000000 2.310394049 9.368075371 0.019265939 -0.558953762 0.511042953 -0.435777962 0.486316115
1754516566737533696.000000 2.539023399 9.476077080 0.014112975 -0.546085715 0.510600626 -0.466074735 0.473129749
1754516567270992640.000000 2.724798441 9.556582451 0.016117454 -0.539548635 0.509517908 -0.470775068 0.477126509
1754516567771111936.000000 2.852590561 9.594880104 0.017544392 -0.522875071 0.511111140 -0.478944421 0.485776961
1754516568271234816.000000 2.958449364 9.696742058 0.025949527 0.495360285 -0.527821898 0.519960761 -0.453501046
1754516568771357952.000000 3.031926155 9.803628922 0.021564353 -0.491396189 0.523455560 -0.533118188 0.447559088
1754516569271481856.000000 3.051823616 9.849390030 0.016770797 -0.485780954 0.523346663 -0.542219281 0.442858130
1754516569771602432.000000 3.061708450 9.866753578 0.016393926 -0.456868082 0.544970870 -0.562401831 0.421879590
1754516570305057792.000000 3.073854446 9.886966705 0.014867865 -0.443276197 0.551056564 -0.575338721 0.410887122
1754516570805174528.000000 3.084775925 9.900142670 0.015489109 -0.434414297 0.553544581 -0.582579255 0.406785131
1754516571305292544.000000 3.090394497 9.895977020 0.015367866 -0.429645061 0.556346714 -0.580534160 0.410930246
1754516571805410816.000000 3.111933231 9.868482590 0.011021780 0.444527477 -0.557986557 0.559745967 -0.421581358
1754516572305529088.000000 3.227224588 9.786421776 0.009560803 0.488190979 -0.538601875 0.502077341 -0.468503982
1754516572805652736.000000 3.402488947 9.677002907 0.019509608 -0.522572875 0.490900934 -0.462487727 0.521573663
1754516573305783296.000000 3.621584415 9.684530258 0.008095343 -0.527397156 0.509570539 -0.455980122 0.504254162
1754516573805907712.000000 3.847277641 9.735326767 0.011803005 0.467542082 -0.548420906 0.502189398 -0.477958888
1754516574306022912.000000 4.126268387 9.681534767 -0.013230942 0.430149704 -0.575691342 0.511030436 -0.471591562
1754516574806140416.000000 4.416454792 9.656904221 0.000515357 0.459158242 -0.560311973 0.503194034 -0.471190006
1754516575306259968.000000 4.679284573 9.750034332 -0.006679472 0.414548516 -0.587566137 0.561762393 -0.409070283
1754516575839719936.000000 4.975342274 9.759132385 -0.008422894 0.349653482 -0.642460287 0.591987193 -0.338435233
1754516576339837952.000000 5.258745193 9.695517540 -0.004454646 0.321951926 -0.654794693 0.600425184 -0.327231765
1754516576839955712.000000 5.525103569 9.691652298 -0.012173949 0.313059688 -0.672269344 0.604447126 -0.291017830
1754516577340072960.000000 5.795490265 9.702547073 -0.005995613 0.247708470 -0.704115331 0.620596945 -0.240253165
1754516577840782592.000000 5.999698162 9.612478256 -0.022512970 0.204743460 -0.729657888 0.616463542 -0.213663831
1754516578375604224.000000 6.237112522 9.463396072 -0.020627711 0.219209313 -0.737500548 0.602660477 -0.211755887
1754516578909577728.000000 6.443223953 9.318408966 -0.025562884 0.111146599 -0.761357427 0.629427791 -0.108637393
1754516579442894336.000000 6.625455379 9.133735657 -0.028699765 0.067120984 -0.775432467 0.624605298 -0.063777320
1754516579976233984.000000 6.710728645 8.874227524 -0.030152384 0.083174020 -0.772255421 0.623722732 -0.087599926
1754516580509572608.000000 6.836694717 8.638098717 -0.039214864 0.099514887 -0.777624369 0.613256216 -0.096508779
1754516581009572864.000000 6.946895599 8.443232536 -0.031445950 0.055807397 -0.779080331 0.620979905 -0.065599270
1754516581576223488.000000 6.960302353 8.162546158 -0.036007192 0.050304420 -0.763777137 0.638487577 -0.080297396
1754516582109564928.000000 7.013935566 7.911002159 -0.031884693 0.060675383 -0.770201087 0.632343292 -0.057016198
1754516582642894336.000000 7.132395744 7.653150082 -0.033290356 0.044378124 -0.758089900 0.650399804 -0.017620986
1754516583142904576.000000 7.177651882 7.399062157 -0.042792477 0.022241404 -0.770840406 0.636322141 -0.020113420
1754516583676236032.000000 7.182703972 7.097401619 -0.035099089 0.037368093 -0.754843712 0.653064191 -0.048183985
1754516584142904576.000000 7.242644310 6.879423618 -0.046713851 0.048536323 -0.767225862 0.638417363 -0.037842743
1754516584676229120.000000 7.338232517 6.623960495 -0.036950126 0.002962583 -0.751070261 0.660203278 0.004049032
1754516585209560576.000000 7.357780933 6.319646358 -0.058460206 0.001645136 -0.772244811 0.635160685 -0.014358697
1754516585742881792.000000 7.370890141 6.002341747 -0.045562133 0.030337792 -0.775931001 0.628568113 -0.043736905
1754516586276201216.000000 7.481829166 5.714581490 -0.056607876 0.021371443 -0.776288092 0.629849911 -0.014464220
1754516587342833152.000000 7.518947124 5.110672951 -0.052572168 -0.001603580 -0.765255094 0.643023551 -0.030046681
1754516587876150272.000000 7.608265400 4.806983471 -0.069283575 0.027303748 -0.777798474 0.627445638 -0.024414593
1754516588942795008.000000 7.740088940 4.207645416 -0.067266062 -0.004902234 -0.779734015 0.625633776 -0.023940457
1754516589476122624.000000 7.778919697 3.920766115 -0.069638863 0.033479374 -0.794596553 0.604907393 -0.039782014
1754516589976122880.000000 7.871640205 3.661650419 -0.079646826 0.000629832 -0.801519513 0.597804666 -0.013992505
1754516590476113920.000000 7.932139397 3.459518194 -0.088136539 -0.021366652 -0.815310359 0.578465402 0.013791054
1754516590909440000.000000 7.938653469 3.267540216 -0.095876202 0.003899855 -0.820189774 0.571803272 0.017736280
1754516591376090880.000000 7.943607330 3.120661974 -0.108699203 0.024403578 -0.831482351 0.554202020 0.030028539
1754516591842747648.000000 8.006365776 3.034378529 -0.135999739 -0.014678411 -0.828805447 0.552612305 0.086519755
1754516592309408768.000000 8.095112801 2.940520525 -0.163665444 -0.078895599 -0.816893816 0.551515460 0.149300218
1754516594710884864.000000 8.238468170 2.812227011 -0.221561909 -0.180761546 -0.771066666 0.540045440 0.284837335
1754516595144313088.000000 8.210265160 2.804042816 -0.173153937 -0.202546209 -0.772344112 0.530259609 0.285104275
1754516596044517632.000000 7.906911373 2.809006214 -0.083514951 -0.259400696 -0.757254124 0.546805859 0.245521426
1754516596477954304.000000 7.710223675 2.770207167 -0.081556119 -0.295063168 -0.753476083 0.531925976 0.249532312
1754516597311479552.000000 7.428403378 2.498782396 -0.032257259 -0.381338835 -0.681537211 0.532853723 0.325814009
1754516597711571712.000000 7.297700405 2.384489298 -0.040056974 -0.405770779 -0.668028653 0.529980779 0.328950107
1754516598145008128.000000 7.094915390 2.252048016 -0.040527988 -0.422863513 -0.652336597 0.538249731 0.325469971
1754516598578444544.000000 6.958355904 2.088437080 -0.041073266 -0.408679783 -0.671038866 0.526099205 0.325434327
1754516599878763776.000000 6.538480759 1.586717010 -0.052990958 -0.481804013 -0.606842935 0.510781050 0.372437090
1754516600345543424.000000 6.321671486 1.449321389 -0.044423990 -0.491942853 -0.609176695 0.490740031 0.382191330
1754516600745639680.000000 6.153495789 1.327329516 -0.059463978 -0.492108762 -0.607183516 0.481930465 0.396106184
1754516601145735936.000000 5.963282585 1.203490853 -0.047068074 -0.515295446 -0.584441066 0.467362821 0.417697638
1754516601479149312.000000 5.812622070 1.162542105 -0.048530083 -0.531178594 -0.579261541 0.453256756 0.420551717
1754516601979274496.000000 5.543862343 1.160731673 -0.040772311 -0.527705967 -0.556077838 0.467975229 0.439662457
1754516602479401472.000000 5.327472687 1.114816427 -0.031389859 -0.521469891 -0.539676130 0.456667334 0.477780014
1754516602912837888.000000 5.127112865 1.030899644 -0.028411677 -0.533603251 -0.523257017 0.450132936 0.488722920
1754516603346271488.000000 4.949759960 0.983918428 -0.019717619 -0.550606072 -0.495758176 0.442269176 0.505425274
1754516603846387200.000000 4.674877644 0.977881432 -0.026142767 -0.547068119 -0.502544820 0.444474906 0.500607073
1754516604279820544.000000 4.484555721 0.943603575 -0.026733402 -0.540198624 -0.527841389 0.438595355 0.487034917
1754516604713257216.000000 4.294921398 0.874278426 -0.038041934 -0.546480238 -0.522006452 0.432222039 0.491988480
1754516605146705408.000000 4.107048988 0.830837607 -0.031802475 -0.565811694 -0.513525665 0.421846449 0.488051414
1754516605546812160.000000 3.924092770 0.830194175 -0.038610518 -0.574368536 -0.502176166 0.422836453 0.489008397
1754516605913577728.000000 3.746456861 0.831891477 -0.024492409 -0.561740994 -0.506109536 0.427878380 0.495197326
1754516606347030272.000000 3.573932409 0.809629202 -0.029479299 -0.569279790 -0.509669423 0.413332134 0.495291889
1754516606780475648.000000 3.386289120 0.737697601 -0.026179535 -0.573638082 -0.489204317 0.402408034 0.519313335
1754516607247250432.000000 3.196083784 0.704452097 -0.030455388 -0.598232090 -0.472979665 0.384026617 0.520511448
1754516607647343104.000000 3.009608746 0.722657800 -0.034193125 -0.605232239 -0.460875660 0.388747096 0.519772410
1754516608047440640.000000 2.827313185 0.720370770 -0.027268503 -0.594389677 -0.473158360 0.390919417 0.519619286
1754516608447536640.000000 2.666543961 0.684363902 -0.037577216 -0.595412374 -0.473753482 0.381768852 0.524685025
1754516608914313216.000000 2.477350950 0.620933235 -0.026316252 -0.606862307 -0.439902276 0.372307539 0.547349274
1754516609381088512.000000 2.305340052 0.602376223 -0.034298647 -0.617650390 -0.453344584 0.358107388 0.533615887
1754516609881203200.000000 2.103296757 0.618408263 -0.026200878 -0.601616800 -0.464242488 0.389279485 0.520574391
