1753905348431340800.000000 0.032843597 -0.074979901 0.063541517 -0.649182796 0.047360774 -0.005870168 0.759133875
1753905349531330816.000000 0.034566194 -0.071135610 0.067225166 -0.652335048 0.057557669 0.001981833 0.755739450
1753905349831325184.000000 0.041876975 -0.072269201 0.071455792 -0.654751241 0.063592866 0.003406136 0.753156900
1753905350398275072.000000 0.027326994 -0.062200524 0.063712776 -0.660319328 0.039879404 0.017471002 0.749721825
1753905350665322752.000000 0.008844551 -0.008397264 0.051281765 -0.675034761 0.034832157 0.032173894 0.736260653
1753905350932402944.000000 0.001702420 0.074479505 0.048892722 -0.677872419 0.033388957 0.037806120 0.733447254
1753905351632915712.000000 -0.040411301 0.441955626 0.062571704 -0.667192400 -0.117770121 0.161966071 0.717461944
1753905351866305792.000000 -0.137025490 0.542113781 0.050787304 -0.665036142 -0.169029057 0.198908225 0.699708283
1753905352299743488.000000 -0.393468708 0.633342624 0.057374071 -0.625029624 -0.192947224 0.194671899 0.730898261
1753905352499789824.000000 -0.482675582 0.714278042 0.055305757 -0.637434840 -0.179701805 0.189036265 0.725016832
1753905354400242432.000000 -1.220994234 1.667147398 0.031239593 -0.711475909 0.031698588 0.018719872 0.701745629
1753905355667216128.000000 -1.521841884 2.458742619 0.030460645 -0.757925868 0.034817297 -0.029448133 0.650744975
1753905355967288832.000000 -1.507103562 2.668955088 0.015813310 -0.745078743 0.056859877 0.007997152 0.664500415
1753905357301203200.000000 -1.822315812 3.432459831 0.024477612 -0.749762952 -0.091951497 0.034173518 0.654394865
1753905357936271360.000000 -1.938610315 3.777323008 0.029821411 -0.712738454 -0.276225507 0.247067258 0.595534325
1753905358270349056.000000 -2.069988251 3.849190712 0.031887468 -0.691104054 -0.322817564 0.273708463 0.585873544
1753905358537021184.000000 -2.198871374 3.805805206 0.047401205 -0.627380252 -0.376993924 0.295804769 0.613815367
1753905360970365952.000000 -2.667615652 3.415313482 0.050915718 -0.190001249 -0.683511078 0.663876593 0.236601084
1753905363537040896.000000 -2.566648722 2.173724651 0.028620852 0.015336839 -0.774537742 0.630504310 -0.048170697
1753905363803707904.000000 -2.510132313 2.046994209 0.014515167 0.035871856 -0.798416197 0.599112093 -0.048057999
1753905364103701760.000000 -2.394842863 1.945912957 0.017617702 0.049680896 -0.785301983 0.617087185 -0.006002206
1753905364603704576.000000 -2.237010241 1.779863715 0.020884972 0.087817036 -0.782597005 0.616107523 -0.015545814
1753905364903700992.000000 -2.177805662 1.661336303 0.007397445 0.173659056 -0.771761239 0.600405037 -0.117221572
1753905365203694592.000000 -2.133224487 1.505993843 0.022522552 0.238134339 -0.746893048 0.576773167 -0.229729295
1753905365537026048.000000 -2.036541224 1.388427377 0.024012674 0.311105132 -0.728874564 0.534793139 -0.293175310
1753905366070342912.000000 -1.794134498 1.377346516 0.022389689 0.347159207 -0.700053275 0.563273668 -0.268568039
1753905366470340608.000000 -1.613815904 1.369475245 0.032386530 0.323468506 -0.695556998 0.602429032 -0.220562771
1753905366937003264.000000 -1.438297510 1.220724702 0.022311678 0.348489463 -0.687081635 0.567225099 -0.291083664
1753905367270330624.000000 -1.304457188 1.119332790 0.028133180 0.391460836 -0.669566333 0.536708593 -0.332239717
1753905367570332672.000000 -1.189871669 1.076184750 0.027015517 0.418203235 -0.662169278 0.512916625 -0.351503253
1753905367903663360.000000 -1.045868874 1.093533874 0.023887884 0.412156910 -0.649383307 0.551431417 -0.323034853
1753905368170321920.000000 -0.915177703 1.102446318 0.030574532 0.370400578 -0.668595314 0.588207304 -0.264189124
1753905368436994304.000000 -0.803924561 1.056930542 0.023217944 0.322217077 -0.713500023 0.587021112 -0.206155926
1753905368703664640.000000 -0.717665672 0.961584806 0.003002608 0.263677210 -0.753284037 0.575101078 -0.179711580
1753905368936996864.000000 -0.658796549 0.869774878 0.014703771 0.198817551 -0.763950527 0.584103763 -0.188875794
1753905369303662080.000000 -0.537435174 0.791613579 0.030390041 0.158275992 -0.764173031 0.606843293 -0.150762990
1753905369570333696.000000 -0.435401976 0.766176760 0.025288742 0.123955980 -0.770672858 0.617837965 -0.094733365
1753905369903666688.000000 -0.283203125 0.755166471 0.023936387 0.088236235 -0.779443741 0.619225323 -0.035237961
1753905370136996608.000000 -0.191587046 0.722673893 0.010170681 0.051846240 -0.801689327 0.595465660 0.005186810
1753905372403641600.000000 -0.192802712 0.356315404 0.006282095 -0.011766119 -0.825872064 0.563714802 0.004752372
1753905372770297600.000000 -0.096012250 0.343239069 0.004006604 -0.088426702 -0.822616458 0.555979311 0.079811230
1753905373270377472.000000 -0.017325113 0.460454822 0.008552177 -0.078784905 -0.805676460 0.575288117 0.117141381
1753905374405161472.000000 0.138878077 0.762991250 0.014432441 -0.159740314 -0.790980399 0.574198544 0.138308331
1753905375772172800.000000 0.070559710 1.004850149 0.032715887 -0.209413856 -0.757155597 0.599610209 0.152738094
1753905376105589504.000000 -0.012164444 0.966673255 0.027216244 -0.295751214 -0.723111928 0.580540121 0.229376480
1753905376439006208.000000 -0.111552574 0.877547979 0.034880046 -0.390727013 -0.669202805 0.524088681 0.353314608
1753905376739081984.000000 -0.231061667 0.878811657 0.037139602 -0.499774456 -0.585269809 0.469599664 0.432621002
1753905377039156992.000000 -0.345461965 0.962899089 0.036201142 -0.562987030 -0.480423808 0.461381614 0.489250034
1753905377372569600.000000 -0.498721004 1.056225061 0.054312669 -0.575630128 -0.443086565 0.477167100 0.494606793
1753905377705979392.000000 -0.640273869 1.061915040 0.057871886 -0.560743153 -0.444102556 0.471103340 0.516141295
1753905378006046464.000000 -0.790114403 1.046781301 0.046662319 -0.596404552 -0.400322527 0.406441271 0.564667106
1753905378339458304.000000 -0.964384854 1.069136858 0.048039973 -0.672714472 -0.272543162 0.260961592 0.636454761
1753905378872925440.000000 -1.078175068 1.273411870 0.041853353 -0.691969812 -0.052944720 0.123662800 0.709282875
1753905379406391296.000000 -1.216988683 1.557189345 0.033692207 -0.748670697 -0.062489979 0.091599129 0.653602958
1753905379806488320.000000 -1.382028222 1.761809349 0.016867008 -0.776820302 -0.022092540 -0.003676117 0.629324019
1753905380339951872.000000 -1.437374115 2.018413544 0.017849088 -0.775880516 0.087665819 -0.064816467 0.621387959
1753905380840074752.000000 -1.435422897 2.320673227 0.016939994 -0.778680861 0.020274956 0.014461051 0.626925826
1753905381706951424.000000 -1.616777301 2.757064104 0.014485675 -0.783158898 0.062556081 -0.049552556 0.616679430
1753905382207068160.000000 -1.661328554 2.994580030 0.003179953 -0.787908137 0.095476225 -0.060103703 0.605369866
1753905382740528896.000000 -1.676956415 3.264465570 0.013104521 -0.784260571 0.132095769 -0.078965239 0.601041257
1753905383173965056.000000 -1.778073072 3.422510386 0.011757770 -0.763953507 0.188471198 -0.184324160 0.588963807
1753905383540720640.000000 -1.897869825 3.534539461 0.030666377 -0.726651192 0.243720889 -0.246638313 0.593083203
1753905384040842496.000000 -2.007172346 3.669738054 0.030189689 -0.716108799 0.202555165 -0.263447970 0.613803566
1753905384540965376.000000 -2.066983223 3.839446068 0.034994584 -0.737403691 0.066524863 -0.105081357 0.663903773
1753905385341161984.000000 -2.282642603 3.875536203 0.027484234 -0.749828815 -0.089872055 0.029977093 0.654813886
1753905387108257792.000000 -2.770132065 3.726901054 0.032698259 -0.516435742 -0.586510301 0.461358547 0.420057356
1753905387875115520.000000 -2.603119850 3.420757532 0.035565965 -0.372358620 -0.657476425 0.540055633 0.370693594
1753905388341896704.000000 -2.583374023 3.266436338 0.027056811 -0.273487329 -0.715335906 0.581464529 0.274587393
1753905390844007424.000000 -2.371835947 2.425409794 0.044787370 0.094719268 -0.740271986 0.660130262 -0.085168608
1753905391245063424.000000 -2.305266619 2.355777502 0.043708775 0.276001036 -0.701334953 0.614733875 -0.232497454
1753905391611730176.000000 -2.279306412 2.424691439 0.045472123 0.390671641 -0.633897245 0.572241604 -0.343641490
1753905392011721216.000000 -2.282350063 2.555163383 0.050108492 0.500671446 -0.544093013 0.501235843 -0.449503660
1753905392211713792.000000 -2.275066614 2.611263752 0.047831669 -0.548327148 0.501979649 -0.463205636 0.482487738
1753905392578568704.000000 -2.213414907 2.707460403 0.041449532 -0.641590774 0.418641716 -0.375221103 0.521832943
1753905392912081408.000000 -2.110256195 2.767870903 0.034734316 -0.676067829 0.355807900 -0.293793619 0.574472189
1753905393278936320.000000 -1.989142656 2.846608877 0.038317744 -0.698188484 0.315961063 -0.248761922 0.592299759
1753905393645586432.000000 -1.922764301 2.909651041 0.035317611 -0.717460155 0.288939863 -0.207137436 0.599048316
1753905394145546752.000000 -1.966793776 3.019295931 0.036558975 -0.705264270 0.278726608 -0.229562446 0.610094249
1753905394445528832.000000 -2.027882338 3.108523607 0.043848094 -0.686481774 0.267975181 -0.241109446 0.631504834
1753905394878837504.000000 -2.058192730 3.255104780 0.034385819 -0.714572847 0.231288791 -0.213600963 0.624712586
1753905395245473024.000000 -2.000427961 3.379074812 0.019759081 -0.739724934 0.195240274 -0.160904124 0.623536825
1753905395578791936.000000 -1.913669825 3.508306026 0.027350079 -0.743910432 0.163073808 -0.109522611 0.638755858
1753905395912103424.000000 -1.885543704 3.629220486 0.033331800 -0.756926775 0.087545283 -0.041309617 0.646290362
1753905396312070656.000000 -1.954255104 3.702011347 0.029307775 -0.762232900 0.014730041 0.012075482 0.647022545
1753905396578723840.000000 -2.061598539 3.693270206 0.031785797 -0.742283762 -0.004169159 0.012203779 0.669961631
1753905397445328640.000000 -2.409921169 3.753857136 0.031273685 -0.718258917 -0.189465210 0.153418452 0.651667058
1753905398045289984.000000 -2.637959003 3.935833454 0.044825878 -0.678389549 -0.291255474 0.293252081 0.607421756
1753905398345265664.000000 -2.753997087 3.966300011 0.041483738 -0.667257965 -0.334064186 0.328068405 0.579257369
1753905400445110272.000000 -3.298260212 4.007505894 -0.092934288 -0.352550864 -0.739969134 0.498291552 0.282593399
1753905400978401792.000000 -3.228496313 3.996961117 -0.271988124 -0.333632648 -0.741275549 0.486586392 0.320052445
1753905401445029888.000000 -3.109345913 4.195950985 -0.396252006 -0.305342197 -0.706916690 0.569245696 0.288087577
1753905402144977152.000000 -2.901472092 4.547542095 -0.438127667 0.170794621 0.667899668 -0.696404815 -0.199398488
1753905402544955136.000000 -2.891549349 4.568707943 -0.439272493 0.076337650 0.668075204 -0.733069241 -0.102262318
1753905403278237184.000000 -2.966569185 4.317168713 -0.444565713 -0.007610398 0.698135555 -0.714765072 0.040740062
1753905403744880896.000000 -2.951338530 4.252045155 -0.436959833 -0.048762683 0.679584146 -0.727881670 0.077303454
1753905404278170880.000000 -2.990352392 4.177937984 -0.433876187 -0.116958410 0.662067115 -0.725203753 0.148551166
1753905404711479296.000000 -3.050572157 4.195795536 -0.439447224 -0.174347177 0.638506770 -0.720622599 0.206434801
1753905405078114048.000000 -3.098466158 4.266497135 -0.443751425 -0.213140845 0.595689952 -0.739870608 0.228726789
1753905405411424512.000000 -3.122160435 4.297558784 -0.448404044 -0.300541997 0.548805118 -0.725596130 0.286352396
1753905405844737536.000000 -3.177219152 4.245500565 -0.450319052 -0.312845916 0.546143591 -0.694462836 0.348677665
1753905406344817664.000000 -3.196636915 4.236847878 -0.458017856 -0.311240494 0.531617403 -0.677730620 0.401489079
1753905406711969024.000000 -3.192530155 4.236143589 -0.458327949 -0.318945110 0.511743069 -0.671371996 0.430874288
1753905407212722176.000000 -3.180996895 4.237894535 -0.458354264 -0.333089203 0.516436160 -0.670056701 0.416376561
1753905407712878592.000000 -3.197901011 4.258223057 -0.467983246 -0.304417312 0.523353457 -0.684497237 0.406072348
1753905408212972032.000000 -3.184420347 4.245370865 -0.466130435 -0.313271731 0.534671903 -0.674782932 0.400817752
1753905408713198592.000000 -3.181408167 4.244767189 -0.465066195 -0.315952867 0.538536787 -0.671937704 0.398310989
1753905409213460992.000000 -3.182830095 4.245044708 -0.465468138 -0.316052914 0.541606963 -0.669964015 0.397392422
1753905409713607424.000000 -3.182643652 4.244351864 -0.465391695 -0.312257260 0.542291343 -0.671356082 0.397110224
1753905410247085056.000000 -3.183433533 4.245498657 -0.465800285 -0.305177599 0.547205746 -0.673050642 0.392982811
1753905410747203840.000000 -3.182799101 4.245584488 -0.465461850 -0.304041624 0.548373580 -0.673153102 0.392058849
1753905411280663552.000000 -3.181737423 4.244295597 -0.465228975 -0.304547310 0.548002601 -0.673146546 0.392196238
1753905411814124288.000000 -3.182827234 4.244924545 -0.465520233 -0.304967642 0.546993613 -0.673638225 0.392433882
1753905412314244864.000000 -3.182540178 4.243922234 -0.465462446 -0.306605667 0.547535658 -0.673056960 0.391397685
1753905412814372864.000000 -3.182071686 4.245140553 -0.465156585 -0.305620730 0.548816621 -0.672750592 0.390900284
1753905413347840768.000000 -3.180877447 4.244807720 -0.464881063 -0.306239039 0.549547493 -0.671774387 0.391068280
1753905413847960064.000000 -3.180132866 4.245161057 -0.464571923 -0.308463663 0.550684452 -0.670243502 0.390346467
1753905414348078336.000000 -3.180052757 4.241953850 -0.465024322 -0.309153646 0.551200867 -0.669526339 0.390302777
1753905414848192256.000000 -3.179013968 4.243411541 -0.464166880 -0.310119033 0.549967766 -0.669813752 0.390782893
1753905415381649920.000000 -3.180104494 4.243731022 -0.464545161 -0.308191687 0.551300764 -0.669725537 0.390580386
1753905415915120384.000000 -3.178851366 4.243788242 -0.464164585 -0.307669997 0.551545978 -0.670486867 0.389337450
1753905416448584960.000000 -3.175532103 4.243609428 -0.463066876 -0.306969196 0.555572987 -0.668200612 0.388093531
1753905416982038784.000000 -3.177776575 4.241004467 -0.464272588 -0.307232231 0.555327058 -0.668305457 0.388056815
1753905417482153472.000000 -3.180302382 4.240608692 -0.463569760 -0.308289140 0.554716408 -0.668371499 0.387978286
1753905417982269952.000000 -3.178417444 4.240782738 -0.464369625 -0.307012945 0.553622246 -0.669314981 0.388925552
1753905418482387968.000000 -3.177229643 4.242027760 -0.465012282 -0.307858735 0.553273380 -0.669441998 0.388534576
1753905418982507520.000000 -3.177392244 4.243568420 -0.463597506 -0.306263596 0.556798756 -0.668491244 0.386390001
1753905419515966976.000000 -3.174291849 4.245619297 -0.462695926 -0.281629622 0.573411226 -0.681924820 0.356178284
1753905420016084736.000000 -3.153136730 4.273018360 -0.458614886 -0.221844122 0.603266597 -0.712609529 0.281144440
1753905420516201216.000000 -3.148105860 4.280025005 -0.457941711 -0.186127961 0.612987459 -0.727831841 0.244670659
1753905421049656832.000000 -3.152256489 4.257388115 -0.459820181 -0.251214504 0.589313388 -0.699192166 0.317382187
1753905421516433408.000000 -3.170983315 4.208668232 -0.459326804 -0.350391567 0.524792016 -0.640124977 0.438245654
1753905421849847040.000000 -3.169523478 4.152287006 -0.454889238 -0.424552828 0.469503045 -0.574799716 0.518581927
1753905422349967360.000000 -3.158650637 4.105497837 -0.453301013 -0.456251264 0.441177726 -0.507893026 0.582444668
1753905422750060800.000000 -3.149520159 4.088554859 -0.452726185 -0.500604987 0.386566758 -0.437671304 0.639065504
1753905423116812288.000000 -3.126574039 4.066170216 -0.453675568 -0.553304076 0.301827878 -0.342627883 0.696678340
1753905423650273280.000000 -3.070976496 4.033218384 -0.453520656 -0.603576899 0.176279739 -0.211907715 0.748141468
1753905424150394624.000000 -3.024824381 4.031694412 -0.458612859 -0.626637220 0.104654707 -0.089391209 0.767060935
1753905424650512384.000000 -3.004940987 4.033254623 -0.461520672 -0.628058255 -0.014019106 0.033387031 0.777323425
1753905425050605568.000000 -2.962648153 4.053420067 -0.465210438 -0.601710021 -0.182921842 0.188777477 0.754220009
1753905425550726912.000000 -2.912663460 4.098364353 -0.464711219 -0.577068806 -0.235695168 0.285508156 0.727959216
1753905425917485824.000000 -2.894641161 4.123804092 -0.461743057 -0.553442657 -0.292285860 0.373962075 0.684414029
1753905426317585664.000000 -2.882269621 4.146716595 -0.461851776 -0.495509177 -0.376210064 0.456066012 0.636349320
1753905426817704448.000000 -2.867346048 4.217783451 -0.460319996 -0.389571816 -0.485590905 0.576337218 0.529406011
1753905427351164416.000000 -2.891348124 4.278579235 -0.456426412 0.308527648 0.540566683 -0.666904211 -0.409679323
1753905427851283968.000000 -2.921266079 4.320345879 -0.453185141 0.171815261 0.595579207 -0.743407607 -0.251217067
1753905428284720640.000000 -2.981539011 4.357130527 -0.453352541 0.054220490 0.605479717 -0.787723362 -0.099731766
1753905428784845056.000000 -3.040254593 4.321599960 -0.455315232 -0.075533964 0.628464460 -0.771748543 0.061083812
1753905429318417664.000000 -3.088940144 4.330816269 -0.455855191 -0.212379828 0.585811853 -0.751495540 0.216733977
1753905429819742464.000000 -3.130584240 4.282722950 -0.453718305 -0.296454877 0.559554875 -0.700884283 0.328289837
1753905430321038592.000000 -3.155081272 4.251397133 -0.456474811 -0.323358566 0.537311375 -0.669892371 0.397466838
1753905430821038592.000000 -3.156347990 4.219104290 -0.457011610 -0.421469748 0.477606446 -0.588917792 0.497424692
1753905431354361344.000000 -3.167562246 4.164994717 -0.454627514 -0.492593437 0.398076385 -0.515873194 0.576855123
1753905431854366464.000000 -3.150429487 4.107010841 -0.452566922 -0.529634356 0.337445080 -0.423335522 0.652997196
1753905432421030400.000000 -3.142484903 4.089303017 -0.455414951 -0.581391156 0.247598499 -0.327579647 0.702403665
1753905432921036544.000000 -3.142264605 4.092450619 -0.459403694 -0.592527568 0.245816454 -0.336378664 0.689445317
1753905433421038336.000000 -3.154422283 4.124444962 -0.457117081 -0.535421491 0.349482864 -0.449749470 0.623627245
1753905433921049088.000000 -3.171976566 4.165293217 -0.455390006 -0.464146763 0.427151233 -0.543554544 0.553767204
1753905434421054720.000000 -3.158356428 4.224825382 -0.457556248 -0.336970031 0.539795220 -0.648659408 0.417508483
1753905434954400512.000000 -3.148728609 4.292085171 -0.457992256 -0.211615399 0.586942792 -0.727664590 0.284993589
1753905435487744256.000000 -3.128871441 4.324500561 -0.460919648 -0.099532604 0.621867955 -0.759792626 0.161520272
1753905436021091840.000000 -3.090591908 4.334423542 -0.461013705 -0.039813288 0.637772560 -0.766446173 0.064971708
1753905436521101056.000000 -3.049108982 4.353408813 -0.457278222 0.050541863 0.632594526 -0.771634281 -0.043014832
1753905437087771136.000000 -2.993924379 4.350983143 -0.454776287 0.203035191 0.602988422 -0.740672171 -0.215838879
1753905437621101312.000000 -2.940493345 4.326843262 -0.454897135 0.333683908 0.542813718 -0.673775792 -0.374211907
