1754510645797214464.000000 0.112430133 -0.024820376 0.022839691 -0.691385865 -0.024338365 -0.002771608 0.722070396
1754510646063944192.000000 0.083509304 0.084312931 0.028680157 -0.689196706 -0.031105388 -0.012570176 0.723797202
1754510646330677248.000000 0.072891526 0.199987307 0.029135060 -0.699209034 -0.010135595 -0.028419234 0.714280367
1754510648064431360.000000 0.088860050 1.009792566 0.018140282 -0.736625135 -0.000153741 -0.003983070 0.676289618
1754510648597900288.000000 0.138393164 1.285815358 -0.010472940 -0.766659975 0.031817809 -0.003828989 0.641253114
1754510648764609792.000000 0.168607607 1.384799719 -0.003558147 -0.769019365 0.018350640 0.010886408 0.638869345
1754510649798208256.000000 0.080869541 1.945553660 -0.002310826 -0.770274699 0.009819611 -0.015094135 0.637458086
1754510649998260224.000000 0.064025320 2.054682255 -0.007108299 -0.781940639 0.016887402 -0.021981366 0.622736335
1754510650198310400.000000 0.052270215 2.171380997 -0.017626002 -0.788601577 0.004128520 -0.018731385 0.614605367
1754510651898727936.000000 -0.152410656 2.862912893 -0.015394251 -0.797015607 -0.064899683 0.001475917 0.600459874
1754510652165462528.000000 -0.168490648 2.913743258 -0.022199253 -0.792534053 -0.075282194 0.005417557 0.605138779
1754510654866130176.000000 -0.252155185 4.129920483 0.012681106 -0.731430769 0.026124470 -0.004222487 0.681402028
1754510655132860416.000000 -0.278440893 4.261607170 0.017235156 -0.742777824 0.028584229 -0.027252490 0.668372273
1754510655366248704.000000 -0.319437653 4.368113041 0.011140662 -0.746840239 0.047726974 -0.052393332 0.661216140
1754510655666317824.000000 -0.418340921 4.512390614 0.012354633 -0.739429057 0.058328751 -0.111317977 0.661400676
1754510655966387968.000000 -0.469803482 4.658622265 0.012605133 -0.757502437 0.070202626 -0.116993144 0.638415396
1754510656233120256.000000 -0.472017735 4.802155018 -0.007016693 -0.782953441 0.080680765 -0.109226510 0.607078433
1754510656499856384.000000 -0.429426491 4.968872547 -0.018305819 -0.801183939 0.107529536 -0.070009708 0.584500015
1754510656766594048.000000 -0.416404814 5.128891468 -0.020853639 -0.822789013 0.108529568 -0.047643147 0.555850565
1754510656966646272.000000 -0.434884965 5.231058598 -0.027412487 -0.832149863 0.111046121 -0.055388048 0.540488124
1754510657200040192.000000 -0.480399758 5.337142944 -0.038973778 -0.823647559 0.142089888 -0.098223992 0.540154755
1754510657433430784.000000 -0.545092165 5.448439121 -0.023356643 -0.800795555 0.186232805 -0.177186012 0.540970445
1754510657700164352.000000 -0.587782800 5.569519043 -0.015972871 -0.778111577 0.240558088 -0.262060702 0.517685771
1754510657900213504.000000 -0.598944485 5.641124725 -0.007449497 -0.746582925 0.272027642 -0.300022423 0.527827144
1754510658133605120.000000 -0.586446941 5.743936062 -0.008559544 -0.726536572 0.291547954 -0.294184357 0.548270047
1754510658366995200.000000 -0.566348732 5.879976273 -0.003534299 -0.743181586 0.268961698 -0.231888875 0.567069888
1754510658633727744.000000 -0.591511607 6.026396751 0.005552003 -0.749411583 0.224650979 -0.212564260 0.585432172
1754510658867117824.000000 -0.637772322 6.162230015 -0.005537328 -0.753180504 0.190923899 -0.207213283 0.594415486
1754510659100507904.000000 -0.685534358 6.300745010 -0.000128980 -0.748809397 0.192258343 -0.223463416 0.593620598
1754510659367245056.000000 -0.698730469 6.424470901 0.008793570 -0.733022213 0.228411481 -0.246016786 0.591593206
1754510659667322624.000000 -0.682818353 6.563750267 -0.001773362 -0.726915836 0.241478771 -0.230048478 0.600299180
1754510659967401984.000000 -0.632298172 6.744336605 0.002840102 -0.736754894 0.215739399 -0.151429936 0.622669876
1754510660234136832.000000 -0.635349751 6.909535885 0.008512720 -0.755377293 0.149328500 -0.113213032 0.627924442
1754510660434186496.000000 -0.657316625 7.026911259 0.003858374 -0.766126692 0.108286574 -0.090297215 0.627032936
1754510660634236928.000000 -0.690101802 7.150315285 -0.009822968 -0.770277977 0.088696793 -0.074646190 0.627082705
1754510660834287872.000000 -0.728873909 7.267168045 0.003139074 -0.760482550 0.101877518 -0.086841367 0.635410011
1754510661334412288.000000 -0.767477036 7.554089069 -0.004962564 -0.768356204 0.110364996 -0.100004278 0.622452676
1754510661467779328.000000 -0.753991008 7.634209633 -0.010068624 -0.766287982 0.112038046 -0.084250875 0.627018452
1754510661634488320.000000 -0.736834645 7.732425213 0.004712597 -0.756873608 0.119473249 -0.081036329 0.637418032
1754510661867879680.000000 -0.718688250 7.848750591 0.006870201 -0.756608486 0.144054949 -0.100007802 0.629912972
1754510662368002560.000000 -0.734760284 8.088803291 -0.008181080 -0.746226013 0.215946183 -0.170724347 0.606108367
1754510662634734336.000000 -0.782803416 8.243014336 0.009362328 -0.727758288 0.235988438 -0.213671520 0.607471764
1754510663134854400.000000 -0.771439373 8.437051773 0.009565519 -0.671696603 0.328242481 -0.302566648 0.591214001
1754510663401584128.000000 -0.702786803 8.514781952 0.016280061 -0.626037538 0.378838509 -0.319113165 0.602266788
1754510663634972160.000000 -0.644224465 8.591313362 0.015818302 -0.613342702 0.399949551 -0.344481468 0.587523341
1754510663835019520.000000 -0.580448747 8.652232170 0.016377648 -0.594325960 0.445766449 -0.373287231 0.555630922
1754510664001724416.000000 -0.518564880 8.711347580 0.005401867 -0.576624691 0.479946315 -0.397954553 0.528003633
1754510664201773568.000000 -0.444239318 8.793294907 0.001548560 -0.551969230 0.504224300 -0.428723276 0.507232010
1754510664568532480.000000 -0.290393353 8.904351234 0.009770365 0.520609796 -0.541584015 0.451905221 -0.481075794
1754510665068658688.000000 -0.007063705 8.949911118 -0.003278807 0.517698884 -0.536128700 0.447299242 -0.494446546
1754510665335390720.000000 0.169812664 8.964233398 0.003587816 -0.534648061 0.523417652 -0.433879972 0.501929879
1754510665635465472.000000 0.360592544 9.012681007 -0.006035902 -0.549147844 0.510222375 -0.443932980 0.490951598
1754510665902197504.000000 0.554645061 9.057496071 -0.008670943 -0.539557695 0.523467898 -0.464755267 0.467826396
1754510666202272256.000000 0.746709645 9.077127457 -0.000279764 0.529256999 -0.541160643 0.473317474 -0.450558245
1754510666535686656.000000 0.965419412 9.043934822 -0.014286563 0.521750510 -0.549663484 0.464360565 -0.458274722
1754510666802418176.000000 1.127954483 9.026011467 0.004279016 -0.531898856 0.525044918 -0.457984477 0.481312335
1754510667069150464.000000 1.272653103 9.049668312 0.004564760 -0.550736904 0.506123364 -0.445390314 0.492093116
1754510667469254400.000000 1.500301957 9.142096519 -0.008485725 -0.551790297 0.518237591 -0.451818049 0.472035736
1754510667735990528.000000 1.632916451 9.178604126 0.002417479 -0.550391853 0.513254762 -0.445992768 0.484488338
1754510667969385728.000000 1.743234515 9.164900780 0.009226235 -0.543378830 0.498133779 -0.433931828 0.517982006
1754510668169436928.000000 1.844259858 9.132363319 0.004240323 -0.538286924 0.478770912 -0.427346259 0.546260834
1754510668402829568.000000 1.968694210 9.099553108 0.020401210 -0.559478998 0.434712946 -0.397025287 0.583420038
1754510668602879488.000000 2.069446802 9.084112167 0.028085519 -0.570470512 0.406339735 -0.367227137 0.612042308
1754510668836272384.000000 2.193988323 9.091506958 0.027260328 -0.569663048 0.398972362 -0.363147974 0.620023072
1754510669069664256.000000 2.316396713 9.136038780 0.015074942 -0.578274369 0.383715719 -0.369044900 0.618196428
1754510669303054080.000000 2.448528051 9.177886963 0.018492177 -0.568988442 0.430550367 -0.405619025 0.571272075
1754510669536442368.000000 2.567573786 9.194355011 0.018233279 -0.546535611 0.482694089 -0.443156183 0.521457493
1754510669803171584.000000 2.726585388 9.189307213 0.001207817 0.525195003 -0.542624772 0.466827750 -0.460217863
1754510670036560896.000000 2.875267506 9.162896156 -0.000537258 0.505492747 -0.591249347 0.470378309 -0.416707993
1754510670336631552.000000 3.042905331 9.175811768 -0.002546141 0.517731428 -0.605049372 0.470758975 -0.379809618
1754510670603362048.000000 3.202131748 9.219397545 -0.028404342 0.510970891 -0.633313835 0.483047098 -0.323245794
1754510670870091264.000000 3.359799147 9.289203644 -0.020645166 0.492119849 -0.648550153 0.490437210 -0.310921520
1754510671170163200.000000 3.524223804 9.335815430 -0.017244631 0.477682829 -0.669050455 0.492883891 -0.285054743
1754510671436898304.000000 3.678810358 9.331698418 -0.034454394 0.449851334 -0.689921618 0.500475764 -0.266769588
1754510671670290432.000000 3.828204632 9.331042290 -0.025610853 0.439101160 -0.691260695 0.509657741 -0.263813943
1754510672003708672.000000 4.025648594 9.360750198 -0.019917024 0.442747802 -0.685905814 0.521258473 -0.248590618
1754510672270442240.000000 4.184265614 9.409827232 -0.037198503 0.439411193 -0.680730045 0.533131599 -0.243505791
1754510672570515456.000000 4.355538845 9.465223312 -0.021630784 0.396962851 -0.691081882 0.555199385 -0.237865642
1754510672870589696.000000 4.525239468 9.482948303 -0.012858657 0.354221165 -0.711871803 0.570941150 -0.204431370
1754510673137322240.000000 4.690831184 9.473539352 -0.021761758 0.353300869 -0.704529166 0.566361547 -0.240939379
1754510673370715904.000000 4.851786613 9.449265480 -0.006624522 0.371415704 -0.692749619 0.548798561 -0.284549862
1754510673637452288.000000 5.017022610 9.468895912 0.002574371 0.426240742 -0.658661067 0.532356322 -0.317932904
1754510673870846208.000000 5.145482063 9.511672020 -0.004677489 0.450607538 -0.638919771 0.526216686 -0.334410697
1754510674104240896.000000 5.276167393 9.574024200 -0.002714578 0.442417234 -0.633201897 0.539608657 -0.334880263
1754510674370970368.000000 5.413788319 9.619526863 0.005014313 0.396742463 -0.666090012 0.561619401 -0.288969189
1754510674671041280.000000 5.558917999 9.628940582 -0.001362000 0.343236744 -0.700114667 0.578100920 -0.240473196
1754510674937771264.000000 5.714021683 9.605149269 -0.010611083 0.295745909 -0.730503798 0.575860322 -0.217447728
1754510675204503552.000000 5.855185509 9.606716156 0.000929615 0.265534550 -0.734661758 0.599346578 -0.174777985
1754510675537925120.000000 6.023184299 9.626249313 -0.001802202 0.229803637 -0.740680099 0.617502630 -0.131429687
1754510675871346432.000000 6.206777096 9.672983170 0.000451971 0.184669703 -0.741676331 0.634436131 -0.115344048
1754510676238109952.000000 6.386178017 9.665063858 0.008192256 0.122271009 -0.761380017 0.631463587 -0.081264943
1754510676538189056.000000 6.527225971 9.593201637 -0.012184750 0.089677483 -0.769818544 0.626477301 -0.082847208
1754510676838268928.000000 6.678454876 9.496691704 0.001420600 0.088074848 -0.765420020 0.629622996 -0.099749476
1754510677171689216.000000 6.842838764 9.425068855 0.007143479 0.098689795 -0.759253323 0.637370229 -0.086913742
1754510677505104384.000000 7.010666847 9.342981339 0.006836860 0.082039513 -0.754401624 0.647615016 -0.068866208
1754510678005227264.000000 7.160938263 9.125828743 0.010176471 0.052840088 -0.742372692 0.665129066 -0.060779482
1754510678271960576.000000 7.173295975 8.954502106 0.006864190 0.054777320 -0.736725986 0.671480417 -0.057865188
1754510678772086528.000000 7.223144531 8.652299881 0.016426709 0.025855178 -0.739210129 0.672777355 -0.016451271
1754510679038821120.000000 7.288680077 8.478312492 0.010751039 0.025886839 -0.739015400 0.673178136 0.004171571
1754510680072415232.000000 7.324909210 7.752593040 0.028509095 0.008680272 -0.738760650 0.673678339 -0.017743550
1754510680305805312.000000 7.360365391 7.608229160 0.029189503 0.042064585 -0.727230370 0.684528470 -0.028059620
1754510680572535552.000000 7.419405937 7.430934429 0.011851177 0.046926614 -0.719202697 0.692988515 -0.017671976
1754510680905948160.000000 7.463852406 7.202754498 0.030182596 0.000805334 -0.726889074 0.686448872 0.020487811
1754510681706138368.000000 7.481278896 6.644191265 0.026477735 0.005735888 -0.739264429 0.673389554 -0.001359696
1754510681939526144.000000 7.523137569 6.493613720 0.019507958 0.029376686 -0.747084081 0.664077282 -0.001946585
1754510682206256640.000000 7.591567993 6.315247059 0.006692449 0.044023022 -0.742426515 0.668444991 0.006801924
1754510682472986624.000000 7.641279697 6.129372120 0.020784697 0.028640626 -0.747985005 0.663079560 0.004865340
1754510682739716864.000000 7.642649174 5.949905396 0.019550595 -0.005447053 -0.759891450 0.649997354 0.006236009
1754510683039789312.000000 7.627467155 5.730484962 0.007679068 -0.003840830 -0.756829321 0.653541207 -0.008870553
1754510683273179136.000000 7.643407822 5.556003571 0.017713645 0.024141302 -0.767703712 0.640064299 -0.019128015
1754510683506570240.000000 7.669280529 5.409869671 0.016777698 0.040214378 -0.777621508 0.626704216 -0.030488135
1754510683773302016.000000 7.712800980 5.246860981 -0.009121010 0.032572288 -0.793394446 0.607619405 -0.016211964
1754510684040033792.000000 7.778368473 5.072321415 -0.005528919 0.054978039 -0.796216309 0.602295637 -0.016027408
1754510684273424384.000000 7.788757324 4.934360027 0.001349600 0.043868653 -0.802093685 0.594753683 -0.031452049
1754510684540154624.000000 7.758070469 4.786910057 -0.007703591 -0.006955564 -0.803569019 0.595001698 -0.014194887
1754510686040512512.000000 7.827139378 3.952333927 0.012228929 -0.240543261 -0.745306611 0.573346198 0.240688831
1754510686273904128.000000 7.813705921 3.852562189 0.006160772 -0.285610348 -0.735074401 0.557243466 0.259946436
1754510686473956096.000000 7.793292999 3.756343603 0.003414261 -0.304016083 -0.736077070 0.547748923 0.256390303
1754510686707348736.000000 7.776954651 3.651928186 0.002172444 -0.313297719 -0.735748053 0.536847889 0.268912256
1754510686974084864.000000 7.775801659 3.531665087 0.004866937 -0.298972607 -0.745416760 0.535630941 0.260899961
1754510688207720960.000000 7.710698605 3.184855223 0.004528610 0.024232168 -0.809923410 0.585498810 -0.025058039
1754510688441108992.000000 7.657429695 3.172009230 -0.002611207 0.093643084 -0.813773692 0.569272518 -0.070229635
1754510688941226752.000000 7.605089188 3.190350771 -0.029018154 0.170362189 -0.834257960 0.513456821 -0.106548689
1754510689241299968.000000 7.632168293 3.234255314 -0.050920315 0.224280775 -0.846538723 0.472754866 -0.097843096
1754510689708082176.000000 7.655063152 3.314671993 -0.057868745 0.342403084 -0.814633846 0.444130510 -0.147918239
1754510689974814976.000000 7.626888752 3.337874413 -0.043898694 0.402091473 -0.772416115 0.448017567 -0.202425599
1754510690208205824.000000 7.569333076 3.335432529 -0.019657610 0.434240878 -0.727199912 0.461030364 -0.264700234
1754510690408253440.000000 7.520921230 3.312341690 -0.010505185 0.437559605 -0.707680821 0.467006296 -0.299390256
1754510690608302080.000000 7.487376213 3.289732456 -0.008407813 0.427244157 -0.702763140 0.472935379 -0.316098899
1754510690841691136.000000 7.482469559 3.277586460 -0.000654787 0.413185805 -0.700436711 0.487490177 -0.317835420
1754510691075080704.000000 7.502120972 3.270772219 0.000810826 0.380897552 -0.710849047 0.511579990 -0.296473771
1754510691508528384.000000 7.577016830 3.281191826 0.019137818 0.299481213 -0.707839131 0.591748357 -0.243122682
1754510691808608256.000000 7.621369362 3.234629393 0.010202384 0.197415471 -0.752157927 0.606141031 -0.166969001
1754510692242055424.000000 7.592740059 3.105699539 -0.000499863 0.092210285 -0.788299620 0.600462794 -0.097598359
1754510692475446528.000000 7.548327446 3.019481182 0.000507127 0.047654714 -0.800872207 0.591212451 -0.082465753
1754510692742180352.000000 7.519245148 2.941081047 -0.005824618 0.011714913 -0.814100444 0.578407109 -0.050482385
1754510695376185600.000000 7.273824215 2.046618223 0.006231985 -0.321798861 -0.713644981 0.559971750 0.271271050
1754510697410036736.000000 6.670556545 1.060294628 -0.035695951 -0.484643430 -0.694552004 0.415667802 0.331569791
1754510699543884032.000000 5.695545673 0.700722814 -0.016428009 -0.552251160 -0.592080474 0.420711607 0.409220159
1754510702277874176.000000 4.300881863 0.614638150 -0.005716964 -0.421444178 -0.685102761 0.534252405 0.259987235
1754510703978309888.000000 3.395556450 0.433213472 0.007509429 -0.492774427 -0.623127043 0.482587934 0.368775100
1754510706078816768.000000 2.226907492 0.193346277 -0.022891112 -0.607608974 -0.570536017 0.340812832 0.434910059
1754510708879503616.000000 0.797301829 0.057792928 -0.042884793 -0.782737076 -0.301535100 0.157428965 0.521167397
1754510709446311680.000000 0.613517761 0.101897947 -0.028695483 -0.795983613 -0.229517311 0.122057676 0.546657026
1754510710279862272.000000 0.394341558 -0.029656667 -0.005553994 -0.785544634 -0.059133135 0.034873720 0.614985228
1754510711680233728.000000 0.203974620 -0.114020795 0.014133313 -0.759991586 0.015005637 -0.036095764 0.648756385
1754510712213704448.000000 0.151067093 -0.166715741 0.013926687 -0.743454516 0.001189515 -0.016045811 0.668592930
1754510712747176448.000000 0.162511900 -0.171124741 0.015523917 -0.738148749 0.015885690 -0.018920463 0.674185514
1754510713280646144.000000 0.203209370 -0.083565019 0.008226431 -0.751412094 0.092219710 -0.082867853 0.648080409
1754510713814107136.000000 0.328031570 0.072640367 0.009599859 -0.748401463 0.151823699 -0.106671236 0.636762202
1754510714314227712.000000 0.445399761 0.246902198 -0.009598085 -0.758464992 0.263069093 -0.180109367 0.568406761
1754510714847690240.000000 0.530532658 0.499718457 -0.002532597 -0.752929926 0.304053783 -0.236419424 0.533623159
1754510715347816448.000000 0.664099753 0.604903817 -0.011598864 -0.756058753 0.297398269 -0.214787051 0.542029560
1754510715914632448.000000 0.866781831 0.667118549 0.005110821 -0.749417961 0.243400648 -0.158053100 0.595103443
1754510716414756864.000000 0.894398808 0.756009817 0.008819965 -0.747577786 0.212064743 -0.132457107 0.615313888
1754510716914875392.000000 0.872721016 0.820809424 0.003234283 -0.757970095 0.151085839 -0.142100289 0.618434966
1754510717448336640.000000 0.922380984 0.860999167 0.005295454 -0.773824692 0.049054049 -0.034645051 0.630546510
1754510717948455936.000000 0.971600711 0.820841491 0.016707797 -0.734860361 0.028332245 0.023122067 0.677231848
1754510719415476224.000000 0.933007360 0.767437339 0.037728921 -0.701488912 0.068305701 -0.062573150 0.706634521
1754510719882259456.000000 0.918922842 0.778622508 0.040094096 -0.683639824 0.254168928 -0.237835854 0.641458511
1754510720282357760.000000 0.877034843 0.818466783 0.035049606 -0.674560905 0.336919725 -0.325147867 0.570729017
1754510720815819776.000000 0.883375585 0.856450200 0.028905913 -0.689607382 0.334568471 -0.327343553 0.552586496
1754510721149233920.000000 0.906094491 0.853171587 0.029940996 -0.638325036 0.390168816 -0.400580496 0.529003441
1754510721482652928.000000 0.860335946 0.872306526 0.038703259 -0.571422100 0.445998371 -0.468802571 0.504763663
1754510721749389056.000000 0.795731544 0.909588933 0.044105865 -0.532930911 0.486586988 -0.494254649 0.484695941
1754510722016124160.000000 0.751071036 0.970635593 0.035522908 -0.522955894 0.508045077 -0.501858890 0.465343922
1754510722449568512.000000 0.787303746 1.044228673 0.030702006 -0.536911786 0.514225185 -0.477209687 0.468581945
1754510722983038720.000000 0.979479730 1.103397489 0.026572132 -0.570458591 0.504388332 -0.413673192 0.499043137
1754510723483159552.000000 1.122877359 1.189870119 0.021577919 -0.560856760 0.530030191 -0.445409745 0.454002023
1754510723849912320.000000 1.212883592 1.324863911 0.016961860 -0.554681897 0.529101551 -0.472007811 0.435417444
1754510724350030336.000000 1.376551747 1.452440739 0.011416895 -0.600795388 0.492271304 -0.413543284 0.475074530
1754510724683442688.000000 1.533096910 1.471657991 -0.001566947 -0.650235832 0.441751957 -0.325173974 0.525652409
1754510724983512832.000000 1.669606566 1.495836616 0.006018398 -0.703038573 0.360030681 -0.246945456 0.561366856
1754510725383609856.000000 1.775838375 1.550930142 -0.004699773 -0.769469261 0.264090031 -0.140772313 0.564230978
1754510725883732736.000000 1.719633579 1.623051524 -0.009037480 -0.794680834 0.203758374 -0.130506694 0.556716263
1754510726383856896.000000 1.500741601 1.647662997 0.001382315 -0.770842254 0.184938833 -0.176152974 0.583583772
1754510726750614272.000000 1.372485995 1.682385564 -0.000298154 -0.771564126 0.128862187 -0.167107791 0.600131989
1754510727250739200.000000 1.306012869 1.804960847 -0.021407204 -0.802349687 0.099964298 -0.115423918 0.576991618
1754510727684180480.000000 1.199197292 1.941358089 -0.032334473 -0.831458628 0.046349306 -0.060870454 0.550293624
1754510728150963456.000000 0.988328397 1.952778578 -0.038143154 -0.830474257 0.009908462 -0.041881315 0.555392146
1754510728684429312.000000 0.757673323 1.918336272 -0.027927332 -0.829496503 0.042022835 -0.066022933 0.553001463
1754510729184555776.000000 0.607294321 2.051454306 -0.051876891 -0.846059501 -0.005690160 0.002747973 0.533051074
1754510730418223616.000000 0.161905318 2.283041239 -0.018227901 -0.809945762 -0.027137889 0.031855494 0.585010052
1754510730851668480.000000 0.109960385 2.419209719 -0.030781165 -0.818884790 0.078437544 -0.038537920 0.567265511
1754510731251774464.000000 0.134051368 2.625617981 -0.041439105 -0.826917827 0.123941027 -0.011467389 0.548373938
1754510731751913984.000000 0.070684157 2.782796860 -0.032647707 -0.829082847 0.106466472 -0.010739154 0.548790693
1754510732118683136.000000 -0.011498966 2.918147326 -0.039127942 -0.830884397 0.139903188 -0.063990802 0.534755468
1754510732618801408.000000 -0.062048115 3.020176649 -0.033724241 -0.812265158 0.194346920 -0.115305573 0.537735403
1754510733152261120.000000 -0.067500174 3.098849297 -0.019243609 -0.790247917 0.165429339 -0.103369474 0.580909729
1754510733685731328.000000 -0.013083829 3.260687113 0.004851538 -0.762053192 0.065257058 -0.030142376 0.643512189
1754510734719334656.000000 -0.068146206 3.259912252 0.031181693 -0.709931850 0.028592920 -0.021087801 0.703373730
1754510735219467776.000000 -0.108730800 3.258242846 0.025787465 -0.706561744 0.038240343 -0.037389208 0.705627561
1754510737920165632.000000 -0.079428762 3.246750832 0.035492018 -0.677159667 -0.007665217 0.036239419 0.734903276
1754510740720869120.000000 -0.090442091 3.239622593 0.033196207 -0.675273716 -0.018279672 0.022618040 0.736993670
1754510743588199936.000000 -0.100574866 3.270056248 0.029688522 -0.688829660 -0.003167529 0.008261174 0.724869311
1754510746522252032.000000 -0.111983240 3.256829500 0.029377196 -0.684568822 -0.018909795 0.021013729 0.728399932
1754510749122897664.000000 -0.129565775 3.259625196 0.030191481 -0.683191597 -0.017972713 0.016451525 0.729832649
1754510752090311680.000000 -0.098613210 3.266683340 0.028954038 -0.684439421 -0.016872860 0.025016701 0.728445113
1754510754624300032.000000 -0.093227513 3.264481544 0.029419206 -0.686706901 -0.010930169 0.025539959 0.726403475
1754510756624788736.000000 -0.087535314 3.257554054 0.028691869 -0.686450899 -0.006663171 0.020579383 0.726854444
1754510759158725376.000000 -0.096283562 3.256469965 0.028004127 -0.686184585 -0.008717241 0.018980864 0.727127612
1754510761626029312.000000 -0.109978274 3.263642311 0.032297507 -0.681947291 0.012916479 0.008762116 0.731234789
1754510762659612416.000000 -0.113877513 3.283589363 0.029241757 -0.700430572 0.015095027 0.005984226 0.713535905
1754510763159725568.000000 -0.114724904 3.290288448 0.027296700 -0.705885291 0.025884375 -0.001139269 0.707852185
1754510763659843584.000000 -0.119409278 3.291907310 0.028990187 -0.703312337 0.026147250 -0.002748848 0.710394740
1754510764159962112.000000 -0.119262680 3.285796881 0.029029351 -0.701343060 0.018071579 -0.001898976 0.712592304
1754510766760597760.000000 -0.136316895 3.268474102 0.026418544 -0.701167166 -0.013546431 0.002746613 0.712863028
1754510769427938048.000000 -0.118676953 3.264887571 0.030332115 -0.698402882 0.009590754 -0.004627318 0.715625644
1754510769928062208.000000 -0.112044670 3.261787891 0.031011926 -0.695396543 0.016080052 -0.011643155 0.718351960
1754510770428186368.000000 -0.114256524 3.272246838 0.030160764 -0.702612579 0.012369368 -0.004988600 0.711447656
1754510770928310784.000000 -0.119658798 3.281137228 0.031315468 -0.703138530 0.014887887 0.000147657 0.710897088
1754510771461774336.000000 -0.129585877 3.293024302 0.031580720 -0.706443667 0.001949062 -0.003253749 0.707759142
1754510771995236096.000000 -0.118157618 3.298411846 0.032086231 -0.704135597 0.007989516 -0.007619834 0.709979713
1754510773528926976.000000 -0.101661094 3.282672644 0.033044383 -0.693910539 0.012203341 -0.010548474 0.719880641
1754510774029051904.000000 -0.105423227 3.283733606 0.032845110 -0.695099533 0.011336504 -0.007938656 0.718780279
1754510774530153728.000000 -0.111143447 3.288148642 0.032171622 -0.697821498 0.005854009 -0.008204875 0.716200829
1754510775031592960.000000 -0.112935588 3.283184528 0.032633629 -0.694649637 0.006824340 -0.008271849 0.719268322
1754510776598550784.000000 -0.127718896 3.296934366 0.027142024 -0.712508917 -0.022090752 0.015624902 0.701141119
1754510778731906816.000000 -0.118709289 3.270516634 0.035472035 -0.694296777 -0.011943974 0.020097023 0.719309151
1754510780865249024.000000 -0.133454204 3.273193598 0.032715954 -0.698271751 -0.017866705 0.011979097 0.715509534
1754510781898590464.000000 -0.144060954 3.277929783 0.034733597 -0.697554350 -0.016336836 0.022044634 0.716006339
1754510783467683328.000000 -0.142555982 3.301905632 0.032676153 -0.706297874 -0.020822048 0.024694778 0.707177460
1754510786233591296.000000 -0.132828370 3.294667006 0.030989561 -0.705886602 -0.013887640 0.013899062 0.708052337
1754510788966186240.000000 -0.105391517 3.303097248 0.032165881 -0.703629851 -0.002152966 0.015648901 0.710391164
1754510791633774592.000000 -0.110533528 3.302571297 0.030411437 -0.702673852 -0.014116031 0.021513341 0.711046755
1754510794367076096.000000 -0.115641855 3.276319265 0.029914744 -0.693253636 -0.020251656 0.024138285 0.720004618
1754510794900417536.000000 -0.113752045 3.267226458 0.029405944 -0.691466153 -0.022084517 0.023190774 0.721698701
1754510795400419584.000000 -0.119054027 3.272067785 0.030215520 -0.693627715 -0.025980620 0.025568392 0.719410837
1754510796967085056.000000 -0.126701027 3.272813320 0.029568557 -0.690417886 -0.021811625 0.024004238 0.722683370
1754510799568702208.000000 -0.127227694 3.275260210 0.028453004 -0.695519745 -0.030484032 0.024932407 0.717426956
1754510802069322496.000000 -0.122927256 3.285665989 0.028116997 -0.702449501 -0.022796242 0.025349129 0.710916758
1754510804669953792.000000 -0.175872132 3.403512239 0.013964030 -0.723991990 -0.006519805 0.008064419 0.689730525
1754510806237003520.000000 -0.301184446 4.171765804 0.026928930 -0.699285686 -0.012557508 0.002233718 0.714728534
1754510806770462976.000000 -0.321451336 4.485582829 0.009320227 -0.704623580 0.031446058 0.003154837 0.708877265
1754510807270580992.000000 -0.357896537 4.784450531 0.032355722 -0.699677944 -0.022510124 0.027760560 0.713563919
1754510807770698752.000000 -0.463132799 5.073692799 0.017002245 -0.705294430 -0.017092552 -0.015799370 0.708532333
1754510808304159232.000000 -0.503590107 5.398284435 0.015440550 -0.714005351 0.056312244 -0.051578578 0.695963383
1754510808704258560.000000 -0.507422686 5.673817158 0.023087259 -0.710440338 0.027194934 -0.022519916 0.702871144
1754510809204383232.000000 -0.588248610 5.974399090 0.009932652 -0.710482121 -0.003796599 -0.035125781 0.702827930
1754510809704504832.000000 -0.672189355 6.288428783 0.026331473 -0.726133406 0.049968500 -0.065421402 0.682607889
1754510810204626688.000000 -0.666682005 6.588407993 0.014665700 -0.725499392 0.042348675 -0.029199354 0.686297834
1754510810704751104.000000 -0.703454673 6.883359432 0.022168711 -0.735468447 -0.006444647 -0.014207748 0.677379429
1754510811204876544.000000 -0.772025108 7.139943123 0.018787224 -0.714643478 0.116546154 -0.124828815 0.678321064
1754510811705001984.000000 -0.780905247 7.403333187 0.003269807 -0.722737312 0.191132516 -0.177058801 0.640132368
1754510812205127168.000000 -0.762141049 7.672668934 0.011712193 -0.714924276 0.185379267 -0.170372292 0.652296901
1754510812705253376.000000 -0.786485910 7.934727669 0.006934851 -0.717314243 0.208810806 -0.197706938 0.634642005
1754510813205379584.000000 -0.791122258 8.184317589 0.008581969 -0.702501118 0.304491132 -0.258455724 0.589048386
1754510813705500672.000000 -0.703806579 8.385816574 0.000906168 -0.659337640 0.382936925 -0.302498579 0.571950793
1754510814205622016.000000 -0.616364121 8.570485115 0.009595336 -0.643789291 0.398904622 -0.337471187 0.559038281
1754510814705747712.000000 -0.487143993 8.782463074 0.002343573 -0.576167822 0.489023864 -0.416186690 0.505643189
1754510815205873664.000000 -0.302250624 8.909396172 0.000541998 -0.564318419 0.499621838 -0.436225384 0.491558939
1754510815739337216.000000 -0.029206535 8.950318336 0.007903250 -0.560773909 0.498213291 -0.426020384 0.505789280
1754510816239460096.000000 0.234475449 9.055161476 -0.005642081 -0.552946210 0.497376114 -0.456075191 0.488736033
1754510816772932608.000000 0.535894752 9.115079880 -0.002910590 -0.526633561 0.517290175 -0.473350704 0.480631888
1754510817273064448.000000 0.842423856 9.124386787 0.001945941 -0.538584888 0.493733793 -0.465897292 0.499092191
1754510817773199104.000000 1.123371840 9.202760696 -0.012970069 -0.544663072 0.490963131 -0.476750314 0.484774709
1754510818273333504.000000 1.413929820 9.287304878 0.002489956 -0.536039233 0.513889968 -0.488637865 0.458052397
1754510818806814464.000000 1.722581267 9.252991676 0.004341088 -0.528882384 0.504768014 -0.482819676 0.482055753
1754510819340289536.000000 2.008802652 9.279968262 0.001594193 -0.570816100 0.478415430 -0.455969453 0.487216234
1754510819840410112.000000 2.243816376 9.353508949 0.005029615 -0.548746407 0.473337352 -0.493022472 0.481412411
1754510820340534528.000000 2.470227242 9.368268967 -0.006829668 -0.571243942 0.473212868 -0.479936033 0.468413681
1754510820840666112.000000 2.680647612 9.361251831 -0.020237373 -0.616043389 0.440398276 -0.472153783 0.451232612
1754510821340797440.000000 2.793191433 9.352803230 -0.031924963 -0.633009076 0.460233629 -0.458482563 0.421044379
1754510821874268160.000000 2.905330658 9.443671227 -0.030945325 -0.583200932 0.497057438 -0.490654856 0.414811373
1754510822374397184.000000 3.016521215 9.557764053 0.001388319 -0.534918666 0.515888691 -0.502006829 0.442391366
1754510822874525184.000000 3.082962751 9.600211143 0.007493425 -0.528664768 0.500288606 -0.507760525 0.460873336
1754510823374650112.000000 3.121094942 9.622207642 0.017781589 -0.528908312 0.509668708 -0.504805982 0.453502864
1754510823874769664.000000 3.122025967 9.663619995 0.019641142 -0.512962401 0.511496603 -0.533724785 0.436324090
1754510824374889216.000000 3.153230667 9.666081429 0.014705727 0.512879014 -0.526494920 0.523057520 -0.431473225
1754510824875007488.000000 3.236853600 9.611089706 0.010786103 -0.542534351 0.516781449 -0.479970485 0.456313223
1754510825341784064.000000 3.360460520 9.547919273 0.002710540 -0.636033714 0.434745461 -0.381128043 0.511076272
1754510825775219456.000000 3.425003529 9.510619164 -0.000945628 -0.675752461 0.396188855 -0.322423130 0.531447470
1754510826275335936.000000 3.538817406 9.528292656 -0.004159063 -0.636044741 0.458965600 -0.380441993 0.489960730
1754510826675431424.000000 3.654479742 9.589824677 -0.000151388 -0.586238265 0.491935074 -0.437894285 0.471776664
1754510827175548160.000000 3.852357626 9.602890968 -0.007280663 -0.547902167 0.544581115 -0.449416190 0.448619902
1754510827575645184.000000 4.053727627 9.585170746 -0.007686818 0.531814098 -0.542333007 0.451338470 -0.468340009
1754510828009083136.000000 4.267107964 9.622900963 -0.007594712 -0.547801375 0.539647460 -0.444235623 0.459726989
1754510828442519552.000000 4.496944427 9.713625908 -0.007853409 0.521837413 -0.563094437 0.472865760 -0.432444721
1754510828942637312.000000 4.758749962 9.712745667 -0.026974510 0.458325058 -0.641721964 0.482511014 -0.381201118
1754510829376073472.000000 4.996757984 9.706913948 -0.010194734 0.463304162 -0.623500884 0.485326976 -0.401315004
1754510829776169216.000000 5.225955009 9.782757759 -0.007193301 0.518979788 -0.587199569 0.492626458 -0.378385872
1754510830209605120.000000 5.452876091 9.904460907 0.001578571 0.478293836 -0.593332052 0.542616129 -0.353213429
1754510830609699584.000000 5.657013416 9.905637741 -0.001092315 0.426356912 -0.647445142 0.543963134 -0.321152180
1754510830943110912.000000 5.859448433 9.867571831 -0.004272677 0.411922932 -0.673488796 0.524609029 -0.318618596
1754510831343204864.000000 6.068328857 9.880277634 0.002801336 0.416011781 -0.675818205 0.532387197 -0.294563800
1754510831743299328.000000 6.257046223 9.922555923 -0.012531850 0.333621979 -0.714704931 0.568803132 -0.233144328
1754510832243417600.000000 6.501981735 9.944589615 -0.002482718 0.232879549 -0.759144902 0.589864731 -0.146716833
1754510832643513600.000000 6.646698952 9.852631569 -0.014288995 0.138510585 -0.784933448 0.593480349 -0.111692928
1754510833043609344.000000 6.805851460 9.755355835 0.006471368 0.154159918 -0.770215333 0.606899321 -0.121145897
1754510833543732992.000000 6.993413448 9.596554756 -0.000071250 0.088407762 -0.768880486 0.629186809 -0.071630605
1754510834043858176.000000 7.128189087 9.395660400 0.007336004 0.012601068 -0.766460240 0.642007589 -0.014357091
1754510834577335808.000000 7.159168243 9.075807571 0.011378670 0.026278365 -0.756909370 0.652109921 -0.033916075
1754510834977446912.000000 7.212580204 8.848429680 0.007932724 0.061830930 -0.760618329 0.645045221 -0.039412927
1754510835444234496.000000 7.318889141 8.558006287 0.009346865 0.061064370 -0.759573221 0.647532165 -0.004662404
1754510835944358144.000000 7.321858883 8.262560844 -0.000131236 0.036635160 -0.761274099 0.647332907 -0.008936022
1754510836377802752.000000 7.303210735 7.991227627 0.013891988 0.076517269 -0.764642715 0.638119698 -0.047642175
1754510836777910016.000000 7.352517605 7.781579971 -0.002601180 0.091580577 -0.774907827 0.623756111 -0.045379147
1754510837278045184.000000 7.457866669 7.497585773 0.011025185 0.046414383 -0.770335019 0.635946453 -0.001317530
1754510837678153216.000000 7.470810890 7.268439770 -0.007250631 0.010543911 -0.772672713 0.634699106 0.004779725
1754510838111604736.000000 7.496784687 6.997117996 0.012670152 0.063785389 -0.761311352 0.643828392 -0.042678609
1754510838578388480.000000 7.580035686 6.751354694 0.003254129 0.077426590 -0.747151494 0.658954918 -0.039347388
1754510839078512896.000000 7.673104286 6.465946674 0.022491826 0.019985959 -0.745418191 0.666296959 -0.000856068
1754510839545294080.000000 7.680316448 6.185283661 0.006694244 0.014423369 -0.737240076 0.675023437 -0.024748379
1754510839912049408.000000 7.701180458 5.947555542 0.030359488 0.036030691 -0.729748309 0.681738794 -0.037437592
1754510840378829312.000000 7.780967712 5.673314095 0.010782745 0.046745498 -0.723414063 0.688556194 -0.019426078
1754510840812267264.000000 7.842153072 5.399883747 0.024578130 0.012431998 -0.731601536 0.681619108 0.000218001
1754510841679142912.000000 7.863714695 4.840462685 0.023449682 0.045079172 -0.750189364 0.658073366 -0.046079196
1754510842112580608.000000 7.941890717 4.600038528 0.006840581 0.046351541 -0.755333245 0.653477192 -0.017050968
1754510845046628352.000000 8.096820831 3.084369659 0.000270598 0.016673952 -0.789640784 0.612607658 0.030023091
1754510847947344128.000000 8.267465591 2.763516665 -0.026122905 -0.135367692 -0.751294136 0.593798697 0.254235685
1754510848747545600.000000 8.283448219 2.718316078 -0.036989242 -0.188370645 -0.744678617 0.572400808 0.286927938
1754510849147648512.000000 8.268517494 2.695182085 -0.033244312 -0.217437446 -0.742432714 0.563262284 0.290258944
1754510849914511104.000000 8.029428482 2.598487377 0.001548632 -0.290485799 -0.748742878 0.530834556 0.270585865
1754510850314614784.000000 7.886999130 2.525996208 -0.001025786 -0.280705690 -0.763349056 0.521180153 0.258599728
1754510852181769728.000000 7.260621548 1.730706930 0.000872822 -0.358131766 -0.713562667 0.514607966 0.312647909
1754510853682137600.000000 6.619317055 1.116885304 -0.015141003 -0.483269274 -0.625622690 0.480499893 0.379693270
1754510854082236928.000000 6.455915451 1.001690626 -0.004977981 -0.485074282 -0.623024762 0.472320616 0.391735137
1754510855182513152.000000 5.946218491 0.721496940 -0.011234085 -0.546535850 -0.551992059 0.441263020 0.449322134
1754510855549267200.000000 5.735116959 0.703893661 -0.002931121 -0.530229032 -0.558028400 0.460659176 0.441876173
1754510855949361664.000000 5.535708427 0.661455870 -0.006836837 -0.518053472 -0.583572626 0.454825640 0.429182172
1754510856349455872.000000 5.319418907 0.594744384 -0.009769380 -0.519934416 -0.570438266 0.442410588 0.456663340
1754510856749550080.000000 5.123407841 0.576713979 -0.000987530 -0.551681876 -0.545105815 0.426910579 0.465031445
1754510857116302848.000000 4.940387249 0.595046759 -0.011651942 -0.543768942 -0.538724542 0.449654639 0.460328192
1754510857449724160.000000 4.759099960 0.611928225 0.008472479 -0.521426976 -0.540388763 0.473199993 0.460625440
1754510857949859584.000000 4.495319366 0.549306750 -0.001565905 -0.502689719 -0.565400124 0.473609656 0.450909913
1754510858349965824.000000 4.276758671 0.469162047 0.011964438 -0.504976749 -0.547784150 0.476030231 0.467253834
1754510858750068992.000000 4.071274757 0.448209703 0.001806005 -0.526688039 -0.545849741 0.459394366 0.462173760
1754510859116831232.000000 3.870091200 0.472322166 0.006488973 -0.516350925 -0.541517019 0.482166141 0.455693811
1754510859483589632.000000 3.679746866 0.444596380 0.013835693 -0.492246389 -0.571872294 0.481864929 0.445490599
1754510859817005824.000000 3.525480270 0.383090019 0.004820929 -0.488113195 -0.561819434 0.471645325 0.472921908
1754510860350469120.000000 3.267429590 0.295283854 0.022727897 -0.536915839 -0.503978014 0.444218993 0.510291040
1754510860683878912.000000 3.106731892 0.280642062 0.014565577 -0.542063892 -0.499881804 0.441677600 0.511083066
1754510861017288704.000000 2.916481733 0.291231960 0.022394331 -0.552262723 -0.482677698 0.459237069 0.501128197
1754510861384039680.000000 2.715811968 0.260527283 0.024903052 -0.569076836 -0.485070020 0.423412532 0.511449456
1754510861817472768.000000 2.458440781 0.176708892 0.009111237 -0.579295278 -0.485005796 0.395198315 0.522498548
1754510862217566720.000000 2.260045528 0.136632144 0.017797627 -0.627544522 -0.426465869 0.344142079 0.553065002
1754510862617670656.000000 2.078531027 0.139361367 0.002853711 -0.647047400 -0.386208117 0.327444971 0.570046306
1754510863084459520.000000 1.833387375 0.143070757 0.017860729 -0.651359141 -0.362692922 0.309318751 0.590344906
1754510863551239680.000000 1.600807428 0.078185335 0.009209787 -0.659152031 -0.343950868 0.276543409 0.608884454
