1754518717719645440.000000 -0.014814135 -0.047860943 -0.000971440 -0.776696622 -0.037425816 0.000015848 0.628762066
1754518717986306048.000000 0.025466166 0.137376726 -0.009793641 -0.787204087 -0.023927176 0.018067559 0.615963340
1754518718252972288.000000 0.029691271 0.298025072 0.005069333 -0.786912858 -0.049848936 0.025140148 0.614533424
1754518719052947968.000000 -0.094103716 0.670883119 -0.003959337 -0.793529630 0.003209752 -0.048254900 0.606606960
1754518720386242048.000000 -0.092444681 1.184238315 0.004965024 -0.780745625 0.072990283 -0.041635361 0.619172931
1754518720719561472.000000 -0.112402737 1.284976363 0.003073820 -0.790526807 0.083320782 -0.053490493 0.604370594
1754518721052969984.000000 -0.169675678 1.374020934 -0.001098735 -0.783730268 0.103217177 -0.085839793 0.606419623
1754518721253449216.000000 -0.202763334 1.428315163 0.001443231 -0.779422879 0.123243533 -0.099256903 0.606184006
1754518721520778240.000000 -0.224846289 1.493317246 -0.008738231 -0.787322938 0.158317819 -0.118740655 0.583916664
1754518721921824000.000000 -0.244142339 1.571334004 -0.011956911 -0.802171052 0.162690535 -0.129262522 0.559771895
1754518722288695296.000000 -0.240138307 1.644286394 -0.019879302 -0.816211581 0.146365792 -0.120676599 0.545722425
1754518722788569600.000000 -0.218328193 1.778373480 -0.026845954 -0.829026699 0.091255926 -0.068139650 0.547489047
1754518723255115008.000000 -0.187241435 1.883934855 -0.023258023 -0.828933120 0.113675810 -0.078799032 0.541976511
1754518723588363008.000000 -0.207575664 1.931347132 -0.015998110 -0.821120262 0.129469901 -0.105299607 0.545812309
1754518723921596672.000000 -0.297216535 1.977883577 0.001957270 -0.804398358 0.078411430 -0.095775858 0.581052542
1754518724154870016.000000 -0.367193609 2.020765066 0.006009514 -0.793547451 0.032966822 -0.087836049 0.601232529
1754518724288174080.000000 -0.397249937 2.051723242 0.000651527 -0.794932902 0.010251958 -0.074705586 0.601993203
1754518724421475840.000000 -0.419743180 2.085846424 -0.002811526 -0.799156964 -0.018061737 -0.050743777 0.598704457
1754518725587831040.000000 -0.423493147 2.398575068 -0.003770619 -0.777640045 -0.126645491 0.068100855 0.612045109
1754518726021029632.000000 -0.502978981 2.565544844 -0.015969291 -0.769948363 -0.118487023 0.045776855 0.625335872
1754518727220707840.000000 -0.622431338 3.032779455 -0.004032807 -0.749400377 -0.169256985 0.114505321 0.629793346
1754518727753900288.000000 -0.630019546 3.280700922 0.012113534 -0.744435132 -0.192806080 0.131764248 0.625524163
1754518728020485376.000000 -0.659703553 3.395603895 0.005982804 -0.757610023 -0.182825029 0.132939115 0.612314641
1754518728287094528.000000 -0.717178226 3.492568254 -0.006299047 -0.758886635 -0.163698986 0.105170526 0.621476471
1754518728986905856.000000 -0.837639213 3.809934855 -0.006780058 -0.788521469 -0.102665491 0.079394445 0.601157367
1754518729120204800.000000 -0.843167067 3.876134634 -0.012577492 -0.789534926 -0.100809462 0.079172209 0.600169837
1754518729520098560.000000 -0.846794903 4.085348129 -0.003141201 -0.777552605 -0.106796294 0.100393370 0.611496329
1754518729653392384.000000 -0.856109560 4.148001194 -0.002798918 -0.780973613 -0.100553244 0.087510154 0.610173166
1754518730586481152.000000 -1.042809844 4.585724354 -0.013685359 -0.797830045 -0.073239796 0.016969251 0.598176599
1754518731186324736.000000 -1.034162283 4.893443108 -0.024288956 -0.802541077 0.023300495 -0.013800346 0.595982075
1754518731619546624.000000 -1.029846430 5.135500908 -0.006781041 -0.802632928 0.037047736 -0.026061619 0.594751000
1754518732052797440.000000 -1.093926668 5.326878071 -0.014227545 -0.800590396 0.049977362 -0.049930982 0.595032930
1754518732386517248.000000 -1.190148592 5.487018585 -0.003003255 -0.782880723 0.086254433 -0.096693791 0.608529568
1754518732686902528.000000 -1.235911012 5.629304409 0.000404941 -0.780889153 0.137407601 -0.138063237 0.593523204
1754518732953942016.000000 -1.247877836 5.763813496 -0.012902444 -0.783676803 0.168547839 -0.156480730 0.577023566
1754518733454039808.000000 -1.254077196 6.056068420 -0.004823706 -0.781836510 0.173293442 -0.136058256 0.583257437
1754518733587371776.000000 -1.269371629 6.126687527 -0.000131405 -0.787520170 0.159665808 -0.134713888 0.579802513
1754518733920698880.000000 -1.304677844 6.291635990 -0.009904617 -0.785229623 0.189228356 -0.168944672 0.564858317
1754518734154030080.000000 -1.344322801 6.411495686 -0.014873016 -0.762219965 0.236225590 -0.208779678 0.565357745
1754518734420692992.000000 -1.380436420 6.561458111 -0.001125394 -0.750145853 0.268036753 -0.223286390 0.561765671
1754518734987337984.000000 -1.371340275 6.820579052 -0.019181974 -0.752120495 0.279436201 -0.212383091 0.557784677
1754518735320668928.000000 -1.326781154 6.993755341 -0.016433150 -0.740878522 0.296478868 -0.196864143 0.569599748
1754518735587331072.000000 -1.325324178 7.125879765 -0.008298526 -0.742853403 0.289906412 -0.208777711 0.566158116
1754518735887319296.000000 -1.325894594 7.274884224 -0.017796904 -0.736698449 0.313103437 -0.238111526 0.550040543
1754518736220644352.000000 -1.323029995 7.465273857 -0.015955465 -0.707589507 0.368994296 -0.286798567 0.530006588
1754518736520638464.000000 -1.291732550 7.611618519 -0.007592859 -0.681850910 0.416743547 -0.319312394 0.509356320
1754518736787293696.000000 -1.221361876 7.711981773 -0.013514118 -0.668546915 0.426014274 -0.322758585 0.517091691
1754518737120746496.000000 -1.071690798 7.821258068 -0.008560030 -0.654927731 0.429540247 -0.313371390 0.536994696
1754518737654845696.000000 -0.852764189 7.989044189 -0.007830903 -0.659902930 0.437295526 -0.324776053 0.517514646
1754518737955331840.000000 -0.727677524 8.097151756 -0.021148425 -0.645494223 0.448605955 -0.348130345 0.510779023
1754518738255499776.000000 -0.592845798 8.200058937 -0.011956695 -0.617436886 0.479547411 -0.381320000 0.493356854
1754518738588915968.000000 -0.443302095 8.262394905 -0.014287928 -0.598432779 0.518433869 -0.396260142 0.464846671
1754518738989016064.000000 -0.220739305 8.288430214 -0.028460491 -0.590688169 0.525228262 -0.391046524 0.471492916
1754518739455798784.000000 0.024047241 8.353055000 -0.013980554 -0.623991847 0.484375983 -0.363025010 0.494193286
1754518739922581760.000000 0.263610005 8.458678246 -0.023065010 -0.620227933 0.481535822 -0.385146827 0.484873772
1754518740222651392.000000 0.401879728 8.516896248 -0.012284914 -0.632521749 0.457864165 -0.355909288 0.513424993
1754518740556060672.000000 0.579017878 8.535949707 -0.021462904 -0.630628824 0.479927540 -0.342781425 0.504457891
1754518740889468672.000000 0.794642031 8.524041176 -0.025926443 -0.614597142 0.497037113 -0.347299576 0.504586458
1754518741189538816.000000 0.968231738 8.533189774 -0.014300952 -0.615395546 0.500878155 -0.354718357 0.494554818
1754518741689660672.000000 1.221782088 8.623832703 -0.029535294 -0.608250797 0.508861005 -0.391262889 0.466909796
1754518741989733120.000000 1.390688539 8.691329002 -0.017559707 -0.602812767 0.515775025 -0.403428376 0.455893159
1754518742289805056.000000 1.542960167 8.721324921 -0.022354556 -0.588194311 0.545552611 -0.410649091 0.433321059
1754518742589874944.000000 1.704775810 8.729443550 -0.036851864 -0.583362460 0.542974055 -0.405244291 0.447933555
1754518742856603904.000000 1.868285775 8.740414619 -0.024363764 -0.597031713 0.513216019 -0.394117117 0.474166930
1754518743156675840.000000 2.032109499 8.769475937 -0.021940555 -0.599872768 0.523304343 -0.398029029 0.455936581
1754518743456748288.000000 2.173122644 8.829257011 -0.034168750 -0.591815829 0.533273995 -0.414571494 0.439890295
1754518743790162432.000000 2.334728718 8.919294357 -0.028179057 -0.571135640 0.539909840 -0.440606326 0.433782935
1754518744123575296.000000 2.499551535 8.970405579 -0.022836475 0.547249913 -0.572771668 0.449068874 -0.413264334
1754518744423640320.000000 2.657974243 8.987358093 -0.039998978 0.528305292 -0.599615216 0.451883912 -0.396429092
1754518744723705088.000000 2.832679987 9.004882812 -0.033266850 0.519327939 -0.588466823 0.456471086 -0.419093519
1754518745023769600.000000 2.998726130 9.052058220 -0.027406823 0.555703938 -0.558536947 0.445687592 -0.424961388
1754518745324562432.000000 3.143952608 9.102273941 -0.036262199 0.552668393 -0.557690561 0.448456287 -0.427113503
1754518745625394944.000000 3.296472311 9.195086479 -0.032245625 0.531801403 -0.548847318 0.482264161 -0.428223401
1754518745926268160.000000 3.469493151 9.258169174 -0.027891111 0.522287786 -0.573578596 0.483897835 -0.405050457
1754518746326566912.000000 3.695913792 9.274624825 -0.043157786 0.516551673 -0.593256354 0.468542159 -0.402106225
1754518746626560000.000000 3.874131203 9.283675194 -0.034279875 0.505799234 -0.585726559 0.483808160 -0.408682495
1754518746926547456.000000 4.030787945 9.304714203 -0.028811529 0.501461029 -0.598323464 0.492176384 -0.385108083
1754518747159875840.000000 4.140434742 9.323122978 -0.034173459 0.472426087 -0.631669521 0.502319515 -0.354234964
1754518747459870464.000000 4.296272278 9.387129784 -0.037853662 0.442600399 -0.654623210 0.521845162 -0.321326792
1754518747726527232.000000 4.424604416 9.431589127 -0.022658007 0.396292239 -0.677938998 0.538017094 -0.306412786
1754518747993180672.000000 4.557003498 9.442859650 -0.025209498 0.369179338 -0.698527277 0.545318365 -0.279989511
1754518748293177088.000000 4.732602119 9.402876854 -0.047402024 0.343682319 -0.727919579 0.530405641 -0.265867501
1754518748559838720.000000 4.878907204 9.385096550 -0.029875575 0.320471644 -0.727367520 0.548309147 -0.259983569
1754518748859827200.000000 5.041954041 9.397828102 -0.020621890 0.349344254 -0.708674133 0.550047576 -0.270531356
1754518749126488320.000000 5.190426350 9.406856537 -0.036551550 0.327418417 -0.720413148 0.559115291 -0.247370616
1754518749393153280.000000 5.341301918 9.415073395 -0.025575116 0.276532203 -0.738480687 0.570454419 -0.229691163
1754518749659812352.000000 5.484745026 9.395730019 -0.028237723 0.232585713 -0.765813708 0.570954561 -0.182877779
1754518749959799296.000000 5.607143402 9.323147774 -0.038260676 0.180098519 -0.778844297 0.581047952 -0.152805462
1754518750226462208.000000 5.696632862 9.196644783 -0.040669225 0.127853557 -0.784782887 0.583067477 -0.166738555
1754518750493124352.000000 5.812137604 9.084506989 -0.027832698 0.121528089 -0.785205781 0.587641418 -0.152841181
1754518750793114880.000000 5.944924355 8.966016769 -0.032187164 0.110691659 -0.792335510 0.587382793 -0.122202106
1754518751093104384.000000 6.088681221 8.840086937 -0.041963108 0.077718012 -0.791092992 0.601438999 -0.080018386
1754518751426442496.000000 6.214606762 8.677122116 -0.027798595 0.034372650 -0.798612177 0.598421574 -0.054118194
1754518751826439936.000000 6.285326958 8.466163635 -0.046017826 -0.002660168 -0.797763765 0.602000892 -0.034072991
1754518752093102592.000000 6.316323280 8.294054031 -0.027628839 0.004073693 -0.779810429 0.624359250 -0.045328982
1754518752493097216.000000 6.397889614 8.062179565 -0.020088444 0.029977132 -0.785874486 0.616381645 -0.039703704
1754518752826418944.000000 6.499726295 7.872537136 -0.037962109 0.032479502 -0.782929242 0.621077240 -0.015169163
1754518753093074432.000000 6.573989868 7.711122036 -0.019070342 0.017991798 -0.780268610 0.625118613 -0.009158333
1754518753359738368.000000 6.620279312 7.557278156 -0.022433197 0.004452501 -0.791589081 0.611035824 -0.001455192
1754518753693061376.000000 6.642581940 7.345141888 -0.042033799 -0.000615067 -0.788421452 0.614788830 -0.020640779
1754518753993045504.000000 6.665671825 7.145977974 -0.016417746 0.005154818 -0.770056188 0.636400580 -0.044511601
1754518754259711488.000000 6.731444836 6.976772785 -0.016317202 0.040660948 -0.778106213 0.624997437 -0.047703456
1754518754626373120.000000 6.830975533 6.741663933 -0.031382114 0.039094340 -0.777749538 0.626515865 -0.032485686
1754518754926362880.000000 6.890898228 6.567052364 -0.011228316 0.022033574 -0.774539709 0.631526053 -0.027886666
1754518755559692032.000000 6.908916473 6.172334671 -0.022371419 0.019609120 -0.776003361 0.629732549 -0.029516527
1754518755826352128.000000 6.922194004 5.997359753 -0.014160857 0.052537069 -0.781936646 0.619322717 -0.047479801
1754518756059678464.000000 6.943161488 5.869679451 -0.018065941 0.068759374 -0.785844982 0.611754358 -0.058962427
1754518756326342656.000000 6.989950180 5.724028111 -0.032948472 0.069008313 -0.781251371 0.618594885 -0.047164563
1754518756593001984.000000 7.046058655 5.573078156 -0.018371519 0.067389593 -0.768115342 0.635754645 -0.035688300
1754518756826326528.000000 7.064031124 5.428547859 -0.014653245 0.036595788 -0.781234860 0.622857392 -0.019536475
1754518757092982528.000000 7.074030876 5.264212132 -0.025062200 0.025278883 -0.794382632 0.606794238 -0.010858996
1754518757326317568.000000 7.073123455 5.119444847 -0.030075246 0.042908054 -0.788384616 0.612725616 -0.034292556
1754518757592981248.000000 7.084858894 4.972913742 -0.015353406 0.077884264 -0.774108469 0.625433683 -0.059353467
1754518757859642112.000000 7.122189522 4.840627193 -0.017534325 0.112866275 -0.778898120 0.612021565 -0.077515088
1754518758159638016.000000 7.184774399 4.692380905 -0.032960597 0.124844305 -0.780516922 0.605931461 -0.089746423
1754518758359639552.000000 7.241470337 4.589089394 -0.025976421 0.127554640 -0.778738737 0.607175529 -0.092917196
1754518758626306304.000000 7.301621914 4.456574440 -0.021804770 0.109355181 -0.787855208 0.599708974 -0.087606281
1754518758892968192.000000 7.336791039 4.343022346 -0.027914347 0.126902387 -0.793748081 0.586469114 -0.099567845
1754518759159633920.000000 7.334497452 4.211161613 -0.039120633 0.147226140 -0.789367318 0.580354631 -0.135691851
1754518759426302208.000000 7.319546223 4.056908131 -0.031852230 0.158893108 -0.780964732 0.581427634 -0.163673714
1754518759692966144.000000 7.322740078 3.917800426 -0.035846006 0.175861239 -0.790423512 0.559432566 -0.177027717
1754518759959627264.000000 7.327832222 3.807851791 -0.040103193 0.164904505 -0.800972164 0.549108982 -0.172421813
1754518760226290688.000000 7.344124317 3.705688477 -0.048983097 0.114249445 -0.808430314 0.564904809 -0.119457975
1754518760459620608.000000 7.355326653 3.607500553 -0.037386410 0.039047178 -0.806768298 0.586866438 -0.056463592
1754518761360041984.000000 7.195366859 3.245987177 -0.050385244 -0.177056402 -0.791210473 0.576660454 0.100498222
1754518761560339968.000000 7.134286404 3.163941145 -0.042423919 -0.173720568 -0.787758589 0.580785513 0.109296270
1754518761760657152.000000 7.080472946 3.083979607 -0.044109654 -0.188427716 -0.791441381 0.568821549 0.120655209
1754518761960991488.000000 7.034798145 2.995670795 -0.049363382 -0.212280840 -0.791289568 0.556903899 0.136586413
1754518763128043008.000000 6.686371803 2.449665785 -0.062617302 -0.362210959 -0.724691927 0.523982167 0.262807012
1754518763361430528.000000 6.588023663 2.355927467 -0.053158294 -0.359409094 -0.722935379 0.526891112 0.265660286
1754518763561477376.000000 6.529587269 2.287550688 -0.043463539 -0.359645396 -0.718534410 0.524983346 0.280634910
1754518765295216896.000000 5.848677635 1.586355805 -0.033344269 -0.432727158 -0.653756499 0.510489523 0.353199959
1754518765995379968.000000 5.509587288 1.315864205 -0.037890796 -0.467689931 -0.609781921 0.493295878 0.407543153
1754518766262109696.000000 5.354436398 1.229834080 -0.029890789 -0.519366562 -0.581377506 0.457030594 0.428230852
1754518766528838912.000000 5.190168381 1.175975680 -0.045427993 -0.550887883 -0.562409222 0.436367780 0.435662359
1754518766762227456.000000 5.026208401 1.136298299 -0.044741124 -0.556116998 -0.550916195 0.446883261 0.433036625
1754518767562424064.000000 4.553092003 0.908144355 -0.049510118 -0.535357356 -0.573429942 0.433665186 0.443289101
1754518768095894528.000000 4.238182068 0.760860562 -0.026097830 -0.567450821 -0.546052754 0.416787297 0.453998208
1754518768362636288.000000 4.070137501 0.725158155 -0.047742344 -0.569995463 -0.545107126 0.424928933 0.444295764
1754518769162858496.000000 3.564092875 0.602603257 -0.029725218 -0.579334795 -0.539894760 0.407866627 0.454455465
1754518769462928128.000000 3.375480413 0.526226938 -0.030119572 -0.599444449 -0.504039943 0.375541568 0.495559007
1754518769762996736.000000 3.201470375 0.488154352 -0.020885011 -0.638639331 -0.465727210 0.333630085 0.513740122
1754518770063065088.000000 3.033361912 0.475824624 -0.032255277 -0.637587428 -0.464409024 0.344767720 0.508863211
1754518770329794048.000000 2.846355915 0.471820146 -0.024543304 -0.616931796 -0.490651190 0.388502389 0.477202892
1754518770663204096.000000 2.634740114 0.435674876 -0.012591885 -0.599277675 -0.515543461 0.394473612 0.468478292
1754518770963272704.000000 2.454319954 0.374699861 -0.035336290 -0.595430970 -0.521193564 0.388978302 0.471715152
1754518771296685568.000000 2.250281334 0.270323962 -0.018265963 -0.569760919 -0.522314608 0.403990567 0.489235848
1754518771630100224.000000 2.053423882 0.232129738 -0.016601481 -0.613855004 -0.485308677 0.364845961 0.504524589
1754518771930172928.000000 1.854619384 0.211064354 -0.030653000 -0.620394349 -0.474289566 0.364508212 0.507241726
1754518772230243072.000000 1.655994296 0.190105066 -0.012324146 -0.623466969 -0.462717652 0.363130182 0.515090168
1754518772530312448.000000 1.486185431 0.161295936 -0.009617224 -0.645022631 -0.443730384 0.327751487 0.528798759
1754518772863721728.000000 1.285510540 0.120819785 -0.022159357 -0.677314878 -0.387176484 0.282005548 0.558401227
1754518773863954432.000000 0.715862751 0.284635991 -0.019280246 -0.761365294 -0.234570816 0.186818779 0.574802816
1754518774164024576.000000 0.571190178 0.353981853 -0.012939447 -0.766042173 -0.224699855 0.162087202 0.580014765
1754518774464095744.000000 0.435840100 0.423834562 -0.024147229 -0.776844919 -0.195242748 0.133043140 0.583688140
1754518776597934080.000000 -0.211075872 1.495963931 -0.004123349 -0.777929008 -0.052229337 0.031050369 0.625407517
1754518777598166784.000000 -0.343785167 2.127895594 0.012592674 -0.767599821 -0.004627530 -0.002690960 0.640907049
1754518779098524672.000000 -0.590354264 3.016820192 -0.016827744 -0.775741398 -0.032896891 0.008058835 0.630141377
1754518779331911680.000000 -0.592135072 3.174103975 -0.006883695 -0.775122046 -0.043481257 0.010735023 0.630222201
1754518779832028672.000000 -0.647360444 3.454254150 -0.008990129 -0.786992073 -0.079002619 0.026755264 0.611298740
1754518780332806656.000000 -0.788623393 3.741231441 -0.005554573 -0.778518379 -0.060708147 0.014926448 0.624500573
1754518781368170496.000000 -0.935295999 4.396158218 0.002360001 -0.777456999 -0.023418650 0.003009470 0.628492832
1754518782434821120.000000 -1.131176949 5.063581944 -0.009210723 -0.795705795 0.021064062 -0.034420166 0.604337573
1754518782934816768.000000 -1.141219497 5.379656792 -0.007030390 -0.778480709 0.026212081 -0.019612370 0.626814306
1754518783434812672.000000 -1.191772580 5.665181637 -0.007170510 -0.786597133 0.058144782 -0.055145185 0.612244368
1754518783968129536.000000 -1.285224080 5.986892223 -0.000008700 -0.769224644 0.138944209 -0.117851786 0.612453103
1754518784468142848.000000 -1.305644751 6.272710323 -0.017200250 -0.770350933 0.161926657 -0.118062541 0.605310082
1754518784968152832.000000 -1.261605859 6.571923733 0.000182148 -0.764123261 0.190686315 -0.113340788 0.605729640
1754518785468155904.000000 -1.227156878 6.827733994 -0.017476272 -0.733869016 0.283083230 -0.208206102 0.581335068
1754518786001475840.000000 -1.109881163 7.087001324 -0.009041511 -0.674361527 0.429941028 -0.312313795 0.512686431
1754518786534807040.000000 -0.866642296 7.240218639 -0.014864173 -0.663078129 0.424727976 -0.322079062 0.525546014
1754518787068124672.000000 -0.621293724 7.386002064 -0.014552336 -0.688065648 0.393059045 -0.307167113 0.526990175
1754518787601468160.000000 -0.359007329 7.541029930 -0.008945309 -0.687447309 0.380569577 -0.320882887 0.528788447
1754518788168130304.000000 -0.031811595 7.584573269 -0.026302733 -0.695152283 0.359792262 -0.290199846 0.550542474
1754518788701454848.000000 0.254335195 7.647132397 -0.008936715 -0.743719995 0.259539068 -0.227629751 0.572455108
1754518789234778624.000000 0.469361991 7.816403389 -0.018187776 -0.748970270 0.207427874 -0.235573217 0.583543003
1754518789734785024.000000 0.679867029 7.921411514 -0.021336198 -0.765492439 0.185820505 -0.183205485 0.588156343
1754518790301449472.000000 0.934536099 7.986976147 -0.021113183 -0.793264449 0.055471033 -0.084916949 0.600369573
1754518790868102144.000000 1.034902692 8.109717369 -0.027179729 -0.805824101 0.018941674 -0.033234391 0.590918124
1754518793634712576.000000 1.206863046 8.190039635 -0.024062395 -0.802213311 -0.074716032 0.032278929 0.591463745
1754518796301684992.000000 1.126676202 8.568717003 -0.031543139 -0.818720937 -0.065406226 0.041299272 0.568957210
1754518798903307008.000000 1.277441263 8.001267433 -0.028276244 -0.795418799 -0.067662336 0.038529444 0.601037621
1754518801437262080.000000 1.143536448 7.890873432 -0.021687811 -0.787266016 -0.028514991 0.012134244 0.615834355
1754518803004289024.000000 0.967751086 8.142096519 -0.008926051 -0.783179343 0.020573834 -0.014764085 0.621280015
1754518803504403200.000000 0.851021707 8.172619820 -0.006195482 -0.778353155 0.081798159 -0.063202687 0.619258225
1754518804037858304.000000 0.785877347 8.190644264 -0.008356628 -0.780045927 0.092253931 -0.078785807 0.613848865
1754518804571309056.000000 0.779084921 8.199777603 -0.008590220 -0.781161845 0.091468647 -0.083495691 0.611921608
1754518805104759296.000000 0.823655188 8.196479797 -0.009892191 -0.779665589 0.085743323 -0.079756893 0.615149260
1754518805604887808.000000 0.954402626 8.181592941 -0.010100616 -0.776007771 0.050289605 -0.058575407 0.625980616
1754518806138359040.000000 1.036457539 8.230041504 -0.019684773 -0.785855174 0.027564067 -0.043078814 0.616292119
1754518806638485504.000000 1.123192072 8.332411766 -0.026609853 -0.786169827 -0.029524835 -0.024574295 0.616815507
1754518807171950336.000000 1.233878732 8.364008904 -0.013606694 -0.782090306 -0.084390245 0.046385888 0.615679622
1754518807672060672.000000 1.414265037 8.380176544 -0.023155145 -0.768046975 -0.183707803 0.117262818 0.602166712
1754518808172171264.000000 1.564939857 8.388237000 -0.034304064 -0.764727175 -0.235178411 0.156708077 0.579073489
1754518808705632000.000000 1.603480339 8.388019562 -0.037858326 -0.771794558 -0.238248333 0.166507840 0.565549254
1754518809205752832.000000 1.608548403 8.386769295 -0.034505233 -0.766986310 -0.237739667 0.172771201 0.570405126
1754518809705877760.000000 1.598501325 8.394036293 -0.037169341 -0.770080090 -0.237787619 0.164422244 0.568681717
1754518810239342336.000000 1.575693130 8.377261162 -0.036118191 -0.772393823 -0.223991081 0.151506305 0.574701369
1754518810772802304.000000 1.475877404 8.308652878 -0.025590301 -0.783258796 -0.169660345 0.124103367 0.585080624
1754518811306263808.000000 1.378507614 8.206137657 -0.008035950 -0.752587616 -0.120298959 0.092188559 0.640813053
1754518811806387712.000000 1.352251530 8.158857346 0.004013954 -0.733056545 -0.111519307 0.083202429 0.665784538
1754518812339855872.000000 1.355652452 8.119641304 0.002642259 -0.716001272 -0.101484768 0.086047761 0.685302019
1754518812839985408.000000 1.371583104 8.108533859 0.000722691 -0.720624208 -0.112451121 0.085562266 0.678774416
1754518813340105984.000000 1.445379019 8.085944176 0.000682450 -0.731501341 -0.126172826 0.099349372 0.662658215
1754518813840218624.000000 1.504722834 8.067523956 -0.005962325 -0.737871349 -0.118620485 0.099264771 0.656979263
1754518814373677056.000000 1.514991760 8.059405327 -0.006669858 -0.738472342 -0.111757815 0.099034265 0.657541752
1754518814907141120.000000 1.510156989 8.057516098 -0.006522630 -0.739786685 -0.111426286 0.100367330 0.655916333
1754518815440604416.000000 1.500027061 8.055272102 -0.007330482 -0.741646349 -0.117631674 0.104041629 0.652149439
1754518815974067968.000000 1.489193916 8.047938347 -0.007468930 -0.742094994 -0.119803533 0.099671751 0.651926160
1754518816474181632.000000 1.489590764 8.046988487 -0.010018043 -0.744951129 -0.126423135 0.102413349 0.646974862
1754518817007633408.000000 1.425288200 8.043910027 -0.003888081 -0.748558402 -0.104875594 0.078443766 0.650006175
