1754428984241061888.000000 -0.009480678 -0.005440051 0.008153487 -0.668121755 0.024203876 -0.011549355 0.743568540
1754428984507796736.000000 -0.031009544 0.019613059 0.008086964 -0.671431303 0.033649698 -0.020738667 0.740011871
1754428984774530304.000000 -0.051162753 0.055368602 0.004131866 -0.668410003 0.042743146 -0.030799745 0.741924822
1754428985074606336.000000 -0.027836487 0.136201993 -0.004692892 -0.672549725 0.041261025 -0.019391859 0.738646328
1754428985674757120.000000 0.013386712 0.371071756 0.008676685 -0.668687761 -0.058614921 0.072099760 0.737714410
1754428985941485056.000000 -0.038166080 0.437145531 0.008777011 -0.658835530 -0.088996001 0.099839263 0.740302444
1754428986208211968.000000 -0.149551779 0.493988931 0.001613103 -0.648334622 -0.128245905 0.128437430 0.739404559
1754428987175101952.000000 -0.502325773 0.819808364 -0.006641004 -0.651746929 -0.198380351 0.239322752 0.691806197
1754428987341807104.000000 -0.574274659 0.884559751 -0.006941400 -0.653743744 -0.229038075 0.245154411 0.678277314
1754428987608536064.000000 -0.687081635 0.957180798 -0.005344899 -0.654770315 -0.238720283 0.247410536 0.673109651
1754428988542077440.000000 -1.117444038 1.149737954 -0.013553125 -0.688741565 -0.104994498 0.111071102 0.708713293
1754428988808806144.000000 -1.174942255 1.259865761 -0.025682509 -0.685502708 -0.096037805 0.099546514 0.714810014
1754428989075534592.000000 -1.228844404 1.376442909 -0.019974116 -0.682941854 -0.092914842 0.091598168 0.718725979
1754428990375847424.000000 -1.546783686 1.927648902 -0.030333862 -0.715529144 0.022949455 -0.021137187 0.697885871
1754428990742604288.000000 -1.551351905 2.140928745 -0.030270807 -0.714752078 0.015701123 -0.003782493 0.699191451
1754428991009336832.000000 -1.568514585 2.288131952 -0.021202514 -0.721526682 0.007457202 0.000337355 0.692346394
1754428991309411328.000000 -1.619658470 2.445525646 -0.032629151 -0.730598569 0.009099781 -0.009784641 0.682676494
1754428991676168704.000000 -1.702225447 2.622735977 -0.030303448 -0.723511994 0.063113607 -0.052580301 0.685406744
1754428992076262656.000000 -1.735616684 2.817363024 -0.028176814 -0.732895195 0.097801648 -0.078485772 0.668684840
1754428992543038720.000000 -1.706473231 3.069370508 -0.032733485 -0.731804073 0.094507605 -0.060774762 0.672188759
1754428993009816064.000000 -1.727234960 3.292295933 -0.030988796 -0.749026358 0.054109581 -0.063689046 0.657248437
1754428993343228416.000000 -1.769906640 3.450328827 -0.039350215 -0.743975163 0.057552002 -0.091049574 0.659468532
1754428993776665088.000000 -1.797010183 3.646096706 -0.030966803 -0.745737195 0.087233745 -0.100809380 0.652766228
1754428994110079232.000000 -1.780373216 3.786732197 -0.041362148 -0.752309442 0.069178432 -0.077478193 0.650570571
1754428994510176768.000000 -1.745855689 3.964889050 -0.032049887 -0.741761208 0.013325637 -0.025677789 0.670039892
1754428996077238784.000000 -1.960227251 4.528313160 -0.035103336 -0.738888919 -0.106952019 0.081243858 0.660305917
1754428998844587520.000000 -2.649065495 5.083447933 -0.003515496 -0.597226202 -0.438717276 0.379661292 0.553809941
1754429000811752960.000000 -3.224237204 5.106502056 -0.017657522 -0.497961015 -0.563630998 0.471654236 0.460322976
1754429001211854336.000000 -3.334118605 5.124065399 -0.014788438 -0.440603375 -0.616814256 0.502203822 0.416173279
1754429002079976960.000000 -3.401410341 4.997985840 -0.008655977 -0.353459209 -0.664528310 0.570191979 0.329165399
1754429002881345792.000000 -3.495914221 4.870757580 -0.008341833 -0.249868751 -0.716443539 0.607652426 0.234590903
1754429003281345024.000000 -3.526456356 4.817089558 -0.012379628 -0.181193173 -0.741767526 0.623299718 0.168663666
1754429003814670848.000000 -3.452789068 4.729915142 -0.016606828 -0.145629600 -0.760904849 0.618839920 0.129818842
1754429006514598656.000000 -2.970812082 3.994297266 -0.022859879 -0.055507638 -0.780095696 0.619663298 0.066234857
1754429007981251072.000000 -2.875212908 3.453882694 -0.022793313 -0.072180405 -0.773462892 0.624092162 0.083989792
1754429008681251840.000000 -2.748205185 3.234402418 -0.012816366 -0.139610574 -0.751008511 0.630941212 0.135677367
1754429011414535680.000000 -2.795563221 2.226652861 -0.024888594 0.090024546 -0.786849380 0.609490335 -0.035851441
1754429011747862272.000000 -2.815423012 2.108364105 -0.019514285 0.109805219 -0.779614210 0.614861429 -0.045715194
1754429012281181696.000000 -2.751856565 1.977551103 -0.022680424 0.180608064 -0.771694005 0.602569759 -0.093695469
1754429012747834880.000000 -2.631934881 1.913550258 -0.018729169 0.197954461 -0.754012227 0.615699112 -0.114866264
1754429013314492160.000000 -2.508216381 1.801758170 -0.026469667 0.251439631 -0.748058081 0.593289793 -0.158727929
1754429013647817728.000000 -2.429058313 1.688183427 -0.032919824 0.290210217 -0.741263926 0.571876764 -0.198148593
1754429014014491392.000000 -2.326254606 1.587967992 -0.030679662 0.346866965 -0.724971354 0.552732646 -0.220423549
1754429014347825408.000000 -2.226797581 1.546620250 -0.035499029 0.380539656 -0.714376867 0.530552328 -0.251733094
1754429014847825408.000000 -2.054694176 1.567265749 -0.024747970 0.329287082 -0.717854440 0.566891730 -0.234283760
1754429015314488064.000000 -1.912612796 1.550603032 -0.026577782 0.321579516 -0.720630944 0.569098055 -0.231095508
1754429015781149696.000000 -1.771598220 1.419672608 -0.027792357 0.327737659 -0.707266927 0.563827634 -0.272873551
1754429016147814400.000000 -1.644714952 1.338859677 -0.026196441 0.377667099 -0.692251623 0.545593798 -0.283694744
1754429016681136384.000000 -1.467093349 1.323508501 -0.029236745 0.371602178 -0.692864358 0.562373877 -0.256098747
1754429017047808000.000000 -1.326557755 1.317687988 -0.019484162 0.329965413 -0.702285409 0.585034430 -0.235908240
1754429017514467584.000000 -1.173357844 1.258861542 -0.029145708 0.308175802 -0.725206435 0.579479337 -0.208103612
1754429017781421824.000000 -1.085276961 1.183375359 -0.038589314 0.316217393 -0.732183754 0.564667523 -0.212282985
1754429018215395584.000000 -0.947651863 1.079203010 -0.037539747 0.332592160 -0.736759126 0.554279149 -0.198350996
1754429018515887616.000000 -0.859383523 1.043567419 -0.040713973 0.321750730 -0.752694786 0.546984494 -0.175314009
1754429018816037376.000000 -0.768319488 1.052495360 -0.039673429 0.263345510 -0.768071353 0.569848716 -0.126444012
1754429019216139008.000000 -0.638987005 1.087256908 -0.027144836 0.176197708 -0.774086952 0.603184998 -0.076887518
1754429019582899456.000000 -0.564446926 1.065451741 -0.017662592 0.113357387 -0.766629755 0.626924992 -0.079962492
1754429020016338944.000000 -0.492064595 0.968106866 -0.022115495 0.074261986 -0.771633685 0.618083060 -0.130536944
1754429020449778176.000000 -0.388304830 0.944724441 -0.022162654 0.061263338 -0.785333753 0.610871077 -0.079588100
1754429020816529152.000000 -0.273461610 0.987307847 -0.014626440 0.015415143 -0.780234694 0.624910355 -0.021984244
1754429022150174976.000000 -0.096100755 0.896759987 -0.039399244 -0.057131421 -0.804451406 0.586976171 0.071084507
1754429023884650240.000000 0.054736845 0.746216714 -0.031659842 -0.128610447 -0.794085383 0.580568135 0.125811368
1754429026486556416.000000 0.024144713 0.991712093 -0.020762868 -0.197626874 -0.768188298 0.580211580 0.184891626
1754429026953223424.000000 0.008602032 0.893594980 -0.019043593 -0.307792813 -0.721549928 0.556414306 0.273920476
1754429027519882496.000000 -0.047915857 0.779444814 -0.029036051 -0.399453342 -0.699918926 0.497197181 0.321474016
1754429028053214976.000000 -0.230587602 0.767906368 -0.047276825 -0.441588521 -0.699869037 0.463135421 0.317314625
1754429028719867904.000000 -0.443448603 0.792762220 -0.038279776 -0.549045324 -0.597754180 0.423392475 0.402464986
1754429029386526720.000000 -0.641621113 0.745068967 -0.012984023 -0.644056857 -0.414116293 0.329269826 0.552521408
1754429029686521600.000000 -0.731463492 0.792096853 -0.019177748 -0.653221190 -0.391331732 0.324577987 0.561080039
1754429030753181696.000000 -1.087528467 1.021549940 -0.033429891 -0.709131539 -0.291865021 0.230551228 0.598993778
1754429031686492160.000000 -1.356125116 1.267830372 -0.052020725 -0.767382860 -0.066625692 0.034980789 0.636758089
1754429032219827456.000000 -1.414609671 1.464894056 -0.039113194 -0.766626835 -0.002555497 -0.041892081 0.640719831
1754429032786489344.000000 -1.558315635 1.625002980 -0.035971943 -0.758045077 0.124749981 -0.161536232 0.619444311
1754429033219819264.000000 -1.655645251 1.740732551 -0.029236805 -0.731748402 0.218768656 -0.251386315 0.594549775
1754429033753147648.000000 -1.667327881 1.944851756 -0.030030098 -0.711680114 0.221466810 -0.254975319 0.615996361
1754429034286489088.000000 -1.661083341 2.173478365 -0.027571097 -0.732997656 0.169318378 -0.211887300 0.623818517
1754429034786489600.000000 -1.749183893 2.407297373 -0.031894453 -0.728951216 0.187631503 -0.238477245 0.613639295
1754429035319816960.000000 -1.791780114 2.636775494 -0.037651364 -0.734266877 0.192229226 -0.244752988 0.603320897
1754429035886475008.000000 -1.742023945 2.916541815 -0.041708093 -0.748773396 0.174243465 -0.192897350 0.609728038
1754429036453125888.000000 -1.794595718 3.177825451 -0.044288360 -0.747464061 0.188056663 -0.225722790 0.595803201
1754429036986455040.000000 -1.854662180 3.410360098 -0.036965068 -0.737643003 0.226311073 -0.241219252 0.588625014
1754429037553106688.000000 -1.825582504 3.670198679 -0.044552043 -0.755968392 0.169286683 -0.180277437 0.606097281
1754429038086449408.000000 -1.821261168 3.891685724 -0.041391078 -0.772466004 0.101993397 -0.122635879 0.614698410
1754429038653115136.000000 -1.942344904 4.097397804 -0.041707773 -0.764437079 0.065543428 -0.100705810 0.633402288
1754429039153119744.000000 -2.010573387 4.269387245 -0.048340835 -0.791331708 0.028497027 -0.072885118 0.606357872
1754429041754888704.000000 -2.635854721 4.783308029 -0.044266693 -0.688810408 -0.443859726 0.267191917 0.507087111
1754429042288350976.000000 -2.754739285 4.856746197 -0.033414155 -0.611558497 -0.543002069 0.349075496 0.457483679
1754429042788472576.000000 -2.837296247 4.793745518 -0.031963117 -0.541226804 -0.603375494 0.407315403 0.420839369
1754429043822600192.000000 -2.993192673 4.637343407 -0.026619086 -0.385912061 -0.700606883 0.504376769 0.325309098
1754429044323974400.000000 -3.072885513 4.582931995 -0.033677787 -0.248776421 -0.773118854 0.541439950 0.217348546
1754429044858368512.000000 -3.032886982 4.506686211 -0.036944695 -0.147462770 -0.803331554 0.561573982 0.132468373
1754429045425722624.000000 -2.900889397 4.394073486 -0.037080832 -0.113674931 -0.797478080 0.579599857 0.123169445
1754429046492536576.000000 -2.966593027 3.963807821 -0.049955621 -0.026901307 -0.823606551 0.565362155 0.036252808
1754429047059116544.000000 -2.871979713 3.716690302 -0.056374773 0.006289772 -0.814561844 0.575061917 0.075851209
1754429047625674240.000000 -2.854097128 3.468334913 -0.041755177 -0.080513582 -0.799567640 0.584846258 0.110290475
1754429049892000768.000000 -2.874798298 2.291317463 -0.023875223 0.033686694 -0.779376924 0.625500679 0.013635545
1754429050458582016.000000 -2.793432236 2.043205500 -0.027609736 0.155927613 -0.782321155 0.599530637 -0.064987466
1754429051025168384.000000 -2.614389658 1.881351352 -0.025588367 0.186359525 -0.766715407 0.606626272 -0.097067893
1754429051558413056.000000 -2.460083008 1.712364793 -0.044138923 0.258084059 -0.760147393 0.572222412 -0.167720497
1754429052091672832.000000 -2.257969141 1.538077354 -0.031618588 0.367097825 -0.708111823 0.544645667 -0.259187043
1754429052658242048.000000 -2.016302109 1.511015773 -0.041907873 0.394954950 -0.692482650 0.541845679 -0.266236126
1754429053258175488.000000 -1.753248453 1.505709529 -0.030849809 0.336541057 -0.721176267 0.561526656 -0.226567447
1754429053791437568.000000 -1.551393747 1.378395438 -0.030762387 0.332002133 -0.713560522 0.557130456 -0.264974743
1754429054324708352.000000 -1.349816442 1.273045778 -0.025208367 0.353947997 -0.705436409 0.556987345 -0.258544892
1754429054857973760.000000 -1.119896770 1.222448707 -0.026227545 0.282326460 -0.731736839 0.589744866 -0.192494333
1754429055391243264.000000 -0.913780451 1.169430614 -0.030600762 0.258048207 -0.754086673 0.588849783 -0.134239912
1754429055924506624.000000 -0.796174884 1.053756952 -0.033500798 0.241976172 -0.762084424 0.584131241 -0.139519259
1754429056457759232.000000 -0.675391912 1.003974557 -0.036484927 0.236290261 -0.772361279 0.579319954 -0.109605849
1754429056958442496.000000 -0.552532971 1.005978703 -0.034525782 0.185412869 -0.790180624 0.579719663 -0.071846254
1754429057493069056.000000 -0.494560599 0.993523955 -0.041824289 0.176350221 -0.799522102 0.571414590 -0.056128707
1754429057993345792.000000 -0.596866727 0.919702113 -0.032942638 0.169618145 -0.792159915 0.581739545 -0.072743036
1754429058459836160.000000 -0.689981699 0.883902788 -0.030844221 -0.002262566 -0.808245659 0.587808788 0.034850366
1754429058893006848.000000 -0.698360562 0.902770638 -0.031230781 -0.221949786 -0.783318758 0.551191151 0.182588384
1754429059426129408.000000 -0.766455114 0.927316070 -0.035974719 -0.363776356 -0.731765985 0.498831034 0.288708925
1754429059892941824.000000 -0.890103340 0.971347928 -0.030282021 -0.398132294 -0.706354201 0.498507351 0.306667268
1754429060393515520.000000 -1.026204944 1.016797900 -0.032623492 -0.461464286 -0.671411932 0.464736193 0.346809894
1754429060860627200.000000 -1.164467692 1.018868208 -0.034841668 -0.573452771 -0.574968457 0.391817778 0.432483673
1754429061360930816.000000 -1.287974954 1.049542904 -0.045870736 -0.694144785 -0.414552122 0.258487642 0.528671682
1754429061894462976.000000 -1.364336252 1.241396189 -0.046407536 -0.741033435 -0.307698488 0.205366880 0.560371041
1754429063494433536.000000 -1.662224889 1.814817429 -0.067884766 -0.808550239 -0.006460498 -0.018618114 0.588097155
1754429065161072896.000000 -1.737563252 2.620122194 -0.040899284 -0.769622087 0.032686971 -0.040324669 0.636386216
1754429067394365440.000000 -2.300478935 3.516204596 -0.046899069 -0.774858952 -0.073484771 0.055368308 0.625402212
1754429070227644672.000000 -3.272892714 4.141948700 -0.025463579 -0.768186808 -0.004634285 -0.003610554 0.640198827
1754429070794298112.000000 -3.424473524 4.106573105 -0.022645183 -0.746733785 0.049068045 -0.063616998 0.660252988
1754429071327633664.000000 -3.400949240 4.102159977 -0.011752242 -0.725714326 0.050921898 -0.051719815 0.684156954
1754429071860963072.000000 -3.398761034 4.112253666 -0.010607925 -0.721524954 0.055719234 -0.037873514 0.689102888
1754429072394290176.000000 -3.445785522 4.103205681 -0.011461023 -0.713130176 0.026299646 -0.020974563 0.700224161
1754429072894607104.000000 -3.454786539 4.120953083 -0.011151510 -0.722230852 0.025633087 -0.027668834 0.690622985
1754429073395361792.000000 -3.457647562 4.108088970 -0.008475268 -0.707373023 0.043150041 -0.049090836 0.703812182
1754429073929193472.000000 -3.452728748 4.095440865 -0.008311072 -0.693117619 0.034417775 -0.040801257 0.718845427
1754429074462657280.000000 -3.448623657 4.095631599 -0.007976986 -0.698914647 0.026441308 -0.032905929 0.713958263
1754429074962779648.000000 -3.445901632 4.099009037 -0.007662801 -0.702297747 0.026053520 -0.028267859 0.710844636
1754429075496242432.000000 -3.446254730 4.101787090 -0.007558913 -0.704005182 0.030715751 -0.029977730 0.708896756
1754429075997155328.000000 -3.446624279 4.102325439 -0.008159977 -0.703678250 0.032398786 -0.029899789 0.709149718
1754429076498555904.000000 -3.441815853 4.097625732 -0.009015482 -0.700511932 0.037343778 -0.029237010 0.712063074
1754429077032383232.000000 -3.438704014 4.099982262 -0.008599008 -0.702891171 0.040010419 -0.031141566 0.709488213
1754429077599040256.000000 -3.437446594 4.100622177 -0.009538202 -0.706684768 0.037638232 -0.027606964 0.705987215
1754429078099042304.000000 -3.436830521 4.101430416 -0.010679306 -0.710697353 0.038724154 -0.026011663 0.701949537
1754429078632366080.000000 -3.443755865 4.099441528 -0.011506997 -0.712376356 0.036317673 -0.030300174 0.700202107
1754429079165699072.000000 -3.444219351 4.091919899 -0.011828485 -0.710945487 0.038805585 -0.029166268 0.701569617
1754429079699017472.000000 -3.440755367 4.081399918 -0.012653829 -0.707477331 0.043141484 -0.030767225 0.704746783
1754429080232342016.000000 -3.440628529 4.078426361 -0.012049839 -0.706007302 0.042618383 -0.033621281 0.706121087
1754429080765655808.000000 -3.442029715 4.087572575 -0.011634428 -0.710045516 0.036583472 -0.032116342 0.702471018
1754429081298977024.000000 -3.443802595 4.086122513 -0.010181736 -0.706614733 0.037899099 -0.031567529 0.705877364
1754429081832291584.000000 -3.448341608 4.079844475 -0.006931649 -0.700943053 0.030371698 -0.032021642 0.711850524
1754429082398945024.000000 -3.449273348 4.074463844 -0.005694994 -0.696094513 0.022000387 -0.026888968 0.717109084
1754429082932271872.000000 -3.447610855 4.073967457 -0.007766764 -0.696460247 0.026059149 -0.027973367 0.716576338
1754429083465607936.000000 -3.447093725 4.073868752 -0.009289840 -0.697139621 0.025238711 -0.027096849 0.715978503
1754429083998939136.000000 -3.451669216 4.078220367 -0.008845860 -0.698145449 0.023697881 -0.027564922 0.715032578
1754429084565591040.000000 -3.453444958 4.086215973 -0.007931092 -0.696801901 0.032716874 -0.032640904 0.715773225
1754429085065594880.000000 -3.460326910 4.098258972 -0.008203899 -0.698577046 0.034126863 -0.038320694 0.713692546
1754429085632257280.000000 -3.459544420 4.102441311 -0.008457459 -0.699121833 0.032820363 -0.036263775 0.713327706
1754429086198920704.000000 -3.462500811 4.103270054 -0.008317127 -0.701534569 0.030004101 -0.036284659 0.711078405
1754429086732238080.000000 -3.462243557 4.104425430 -0.008548559 -0.703861237 0.025808480 -0.033521585 0.709076643
1754429087265570048.000000 -3.455554247 4.093248844 -0.010364271 -0.698899031 0.026433822 -0.027061952 0.714219213
1754429087832227072.000000 -3.453322172 4.091150761 -0.011793576 -0.697515666 0.026824053 -0.027603939 0.715535045
1754429088365561600.000000 -3.453158379 4.092324734 -0.010120071 -0.698433578 0.026913147 -0.028089719 0.714616895
1754429088932222720.000000 -3.454108953 4.091427803 -0.010909222 -0.697692096 0.027806532 -0.027631503 0.715324402
1754429089465543936.000000 -3.454925537 4.089349270 -0.010636987 -0.696876705 0.028359229 -0.028844913 0.716049314
1754429090032197120.000000 -3.457851171 4.090492249 -0.011565129 -0.697850287 0.024862478 -0.029337177 0.715210676
1754429090565509888.000000 -3.460110903 4.094802380 -0.010843823 -0.700101316 0.024207141 -0.029669648 0.713016093
1754429091065513728.000000 -3.458199501 4.094650269 -0.010787329 -0.700189352 0.023297787 -0.028150290 0.713021517
1754429091598846208.000000 -3.459594250 4.096261024 -0.011138604 -0.702436328 0.023809722 -0.029177783 0.710749686
1754429092099441408.000000 -3.459996462 4.099590302 -0.011273532 -0.701985955 0.022781970 -0.029010797 0.711234927
1754429092633623808.000000 -3.462370396 4.105219364 -0.012375806 -0.703295112 0.022036815 -0.030006524 0.709922612
1754429093167133696.000000 -3.462027550 4.106252670 -0.011959443 -0.703847647 0.020047022 -0.028769413 0.709485054
1754429093700597504.000000 -3.463285685 4.108263969 -0.013349057 -0.704689503 0.018679792 -0.029082397 0.708673477
1754429094234065920.000000 -3.465587378 4.109409332 -0.013119125 -0.705089152 0.018105365 -0.028825676 0.708301246
1754429094734191872.000000 -3.466017723 4.114083290 -0.012379262 -0.707240701 0.017314810 -0.028869538 0.706170976
1754429095267649024.000000 -3.464770317 4.116066456 -0.011725200 -0.708773851 0.021382827 -0.029988237 0.704473674
1754429095801106176.000000 -3.462123632 4.119299412 -0.012885541 -0.712665200 0.023145849 -0.028676173 0.700535715
1754429096334569472.000000 -3.459710121 4.114192009 -0.012581947 -0.711750984 0.024268921 -0.027967010 0.701455235
1754429096834688512.000000 -3.459838629 4.113920689 -0.012034482 -0.713320613 0.023552869 -0.028628705 0.699856758
1754429097334802176.000000 -3.459656000 4.110472202 -0.012688798 -0.712101817 0.022356411 -0.027606461 0.701176941
1754429097868256768.000000 -3.462126493 4.110797882 -0.013544121 -0.713642657 0.018511180 -0.026265599 0.699772596
1754429098401711104.000000 -3.461461067 4.104519844 -0.013271847 -0.711534679 0.019002333 -0.026881326 0.701879501
1754429098935169024.000000 -3.462783098 4.101885796 -0.011913403 -0.710354209 0.019111175 -0.026985638 0.703067183
1754429099435292160.000000 -3.468144417 4.105595112 -0.013350730 -0.711306989 0.017358582 -0.029156093 0.702061951
1754429099935417600.000000 -3.474086285 4.104648113 -0.012626324 -0.711953282 0.013694519 -0.031165652 0.701401293
1754429100468886528.000000 -3.481940508 4.101423740 -0.011756155 -0.709660649 0.011591450 -0.034153029 0.703619957
1754429101002355456.000000 -3.483217239 4.105175972 -0.012278022 -0.710343659 0.011443761 -0.033277627 0.702974856
1754429101502482688.000000 -3.480907440 4.102581501 -0.012484935 -0.708802164 0.013241169 -0.032581162 0.704530180
1754429102035946496.000000 -3.474807739 4.097402096 -0.013134936 -0.706194818 0.017519081 -0.031886082 0.707082212
1754429102569408768.000000 -3.467728615 4.090362072 -0.012777450 -0.704419613 0.020858226 -0.029364645 0.708869398
1754429103069526272.000000 -3.468271494 4.093828678 -0.012677494 -0.706467628 0.016124012 -0.028751437 0.706977308
1754429103602983168.000000 -3.466727018 4.092266560 -0.012550997 -0.705375791 0.014154682 -0.027936025 0.708141446
1754429104103101440.000000 -3.466266632 4.094412327 -0.013092560 -0.708219767 0.013291279 -0.027996285 0.705311596
1754429104636562176.000000 -3.468751669 4.093240261 -0.013597618 -0.708050668 0.011109532 -0.028488040 0.705499411
1754429105136681984.000000 -3.466287613 4.092711449 -0.013850236 -0.708809912 0.012909404 -0.029893037 0.704647720
1754429105670144768.000000 -3.462106705 4.091405392 -0.014898864 -0.710121155 0.013516953 -0.028978258 0.703353047
1754429106170269184.000000 -3.461118221 4.089187622 -0.014587746 -0.707255960 0.014016969 -0.028555529 0.706241608
1754429106703735296.000000 -3.462056875 4.090682983 -0.013867672 -0.706691146 0.014069725 -0.028976956 0.706788540
1754429107203853312.000000 -3.460992098 4.089613438 -0.015274903 -0.706999779 0.014805276 -0.028398132 0.706488311
1754429107703971072.000000 -3.460337400 4.083362579 -0.014929135 -0.704947114 0.016428674 -0.029099936 0.708472192
1754429108237426944.000000 -3.462251663 4.082741261 -0.015601558 -0.706135809 0.012304375 -0.030433176 0.707315147
1754429108737542912.000000 -3.464751720 4.085960865 -0.015609643 -0.706955254 0.010594950 -0.030277267 0.706530571
1754429109271002112.000000 -3.466400146 4.088853359 -0.015864912 -0.707633197 0.009980783 -0.030231413 0.705862403
1754429109771122944.000000 -3.470480919 4.092515945 -0.016194692 -0.708615839 0.006849151 -0.031040264 0.704878211
1754429110337942528.000000 -3.467897654 4.090393066 -0.016162455 -0.706673861 0.010591390 -0.029070126 0.706862748
1754429110838071296.000000 -3.465322018 4.090119839 -0.015744029 -0.706690669 0.011721762 -0.027794521 0.706879377
1754429111371524352.000000 -3.464795351 4.090727329 -0.015941862 -0.707009077 0.010029846 -0.027090950 0.706614196
1754429111871638528.000000 -3.467299700 4.095539093 -0.015739206 -0.708874047 0.006333322 -0.026519906 0.704807997
1754429112405095680.000000 -3.470263243 4.099259853 -0.014689495 -0.709109664 0.002824444 -0.024820892 0.704655588
1754429112905210880.000000 -3.472062349 4.103787899 -0.014086616 -0.710891485 0.001970297 -0.026079118 0.702815294
1754429113405325312.000000 -3.475090504 4.105477810 -0.013985476 -0.712237716 -0.001505472 -0.026849082 0.701423168
1754429113905954560.000000 -3.475923777 4.107234001 -0.014469986 -0.712782502 -0.001320958 -0.027490130 0.700844944
1754429114440747520.000000 -3.475495577 4.107890129 -0.014494584 -0.712361395 -0.001400076 -0.027173931 0.701285124
1754429114974799872.000000 -3.474732161 4.107039928 -0.014848786 -0.712877452 -0.001068120 -0.026513379 0.700786471
1754429115541452800.000000 -3.473749399 4.098087311 -0.014273988 -0.710083902 -0.000698938 -0.025557443 0.703652799
1754429116108108288.000000 -3.472102880 4.096779346 -0.013952936 -0.710519314 -0.000479635 -0.025520988 0.703214586
1754429116674750976.000000 -3.469219923 4.103667259 -0.014841290 -0.712914467 -0.000408156 -0.024492703 0.700823069
1754429117174754304.000000 -3.464182377 4.111945629 -0.014916589 -0.716494977 0.004106872 -0.022276206 0.697224498
1754429117708077312.000000 -3.453264236 4.108006954 -0.012005738 -0.713049650 0.010873460 -0.015290618 0.700862467
1754429118274735616.000000 -3.449309826 4.103480339 -0.011386107 -0.712168872 0.010016463 -0.015897295 0.701756775
1754429118841384704.000000 -3.447232723 4.110861301 -0.011124583 -0.716989994 0.011926853 -0.011322358 0.696889520
1754429119374709504.000000 -3.450117588 4.118882656 -0.013170196 -0.720850825 0.010639674 -0.010983188 0.692921579
1754429119941363200.000000 -3.454092026 4.122763634 -0.012963200 -0.720563173 0.013071485 -0.015261023 0.693098128
1754429120474680576.000000 -3.452381849 4.118923664 -0.015039548 -0.718605936 0.014753476 -0.015120510 0.695096612
1754429121008003584.000000 -3.453226805 4.115697861 -0.013929971 -0.718732119 0.010208749 -0.015171287 0.695046604
1754429121574655232.000000 -3.453515530 4.110895157 -0.013213170 -0.715952277 0.011499491 -0.014927086 0.697894990
1754429122107990784.000000 -3.459079981 4.115877628 -0.014036045 -0.719036043 0.005206371 -0.017049877 0.694744170
1754429122641318912.000000 -3.465027571 4.110382557 -0.013782423 -0.717261136 0.002951833 -0.017865272 0.696569204
1754429123174649344.000000 -3.470452785 4.111303329 -0.015432739 -0.718029022 0.002911359 -0.017883392 0.695777297
1754429123707964928.000000 -3.476917267 4.117824554 -0.014810931 -0.718211949 0.001413930 -0.019939870 0.695537269
1754429124207966208.000000 -3.475905657 4.119714260 -0.015370217 -0.718478858 0.004547530 -0.021284467 0.695208192
1754429124741287936.000000 -3.473286152 4.118246555 -0.014779142 -0.718566895 0.007191176 -0.021306330 0.695094168
1754429125274611712.000000 -3.466833115 4.116242886 -0.014262589 -0.717571199 0.010152057 -0.018416379 0.696167707
1754429125841264640.000000 -3.462964058 4.111351967 -0.014877276 -0.715639591 0.008303909 -0.016499162 0.698225439
1754429126341272832.000000 -3.460892439 4.108750343 -0.014940508 -0.713870168 0.006777946 -0.013618783 0.700112879
1754429126874607104.000000 -3.459537029 4.101236343 -0.013787583 -0.710997760 0.005444634 -0.013037769 0.703052342
1754429127407939840.000000 -3.460700750 4.095980644 -0.015433605 -0.708892465 0.004118102 -0.012877366 0.705187023
1754429127974598912.000000 -3.463572979 4.098044395 -0.014982994 -0.708794117 0.001433053 -0.013343330 0.705287814
1754429128541248512.000000 -3.462430239 4.097121716 -0.014876906 -0.707761467 0.003238095 -0.012578129 0.706332147
1754429129107912192.000000 -3.461452007 4.096904278 -0.014349789 -0.707603872 0.003132563 -0.012400188 0.706493616
1754429129641238016.000000 -3.456777573 4.088690758 -0.014440823 -0.704802096 0.008303388 -0.011550939 0.709261298
1754429130141863936.000000 -3.455281496 4.092509270 -0.012168070 -0.704362154 0.018810352 -0.023277234 0.709209621
1754429130642662400.000000 -3.462141752 4.094664574 -0.016542122 -0.701163292 0.006184787 -0.026651368 0.712475598
1754429131142846720.000000 -3.448932648 4.106760025 -0.019942842 -0.710041225 0.022314811 -0.017676106 0.703584492
1754429131676302592.000000 -3.452739239 4.107942104 -0.020208661 -0.715088427 0.013926685 -0.016199339 0.698707521
1754429132176423424.000000 -3.450575829 4.109479427 -0.023881711 -0.724803209 0.016784150 -0.015234786 0.688582957
1754429132676543744.000000 -3.454225063 4.102165222 -0.022437138 -0.721309483 0.013699522 -0.015218760 0.692310154
1754429133210011648.000000 -3.458024740 4.107091427 -0.021868993 -0.723927259 0.014756072 -0.017677845 0.689491987
1754429133743479296.000000 -3.461593390 4.113238335 -0.018775780 -0.723838210 0.008141595 -0.014909280 0.689760685
1754429134276931584.000000 -3.462086916 4.120736599 -0.023509696 -0.731563210 0.011144096 -0.017692560 0.681452990
1754429134777044736.000000 -3.459905386 4.117987633 -0.023208231 -0.728317857 0.008272030 -0.015139215 0.685022235
1754429135277170944.000000 -3.459135056 4.118284225 -0.021569084 -0.728406668 0.007304313 -0.015518692 0.684930444
1754429135777294080.000000 -3.461457491 4.119660854 -0.022206727 -0.728855193 0.004645928 -0.015994743 0.684465289
1754429136310746624.000000 -3.466671705 4.121562481 -0.022130989 -0.729655623 0.002425293 -0.017568249 0.683584869
1754429136844201216.000000 -3.462536812 4.121896267 -0.020996157 -0.730105460 0.003561147 -0.016268723 0.683131576
1754429137344322560.000000 -3.465557814 4.123543262 -0.020456078 -0.729659557 0.004175622 -0.016787522 0.683591783
1754429137844444160.000000 -3.465456486 4.124631405 -0.020679571 -0.730267763 0.000904972 -0.017244734 0.682942808
1754429138344568320.000000 -3.463032007 4.123452187 -0.022993926 -0.731324852 0.000886837 -0.016224047 0.681835830
1754429138844691968.000000 -3.462640047 4.120790005 -0.022242442 -0.732006371 0.000895139 -0.017112318 0.681082249
1754429139378153984.000000 -3.464842558 4.124286175 -0.023038499 -0.734637439 0.000484980 -0.018086594 0.678218663
1754429139911613952.000000 -3.465087175 4.123748302 -0.023523904 -0.734043539 -0.000723363 -0.017604545 0.678873837
1754429140411728896.000000 -3.464910746 4.129856586 -0.023002582 -0.738881588 -0.000391756 -0.017945167 0.673596263
1754429140911844864.000000 -3.462307930 4.130243301 -0.023765426 -0.738476872 0.001047031 -0.017727546 0.674044907
1754429141445304832.000000 -3.462460518 4.128435135 -0.022482894 -0.738358796 0.000136571 -0.017088290 0.674191594
1754429141945421568.000000 -3.462785006 4.125966549 -0.023309696 -0.737289131 -0.000801560 -0.017294502 0.675355434
1754429142478876672.000000 -3.461249590 4.119493484 -0.024416886 -0.736654222 -0.000239142 -0.017134696 0.676052511
1754429143012336384.000000 -3.462514877 4.116567612 -0.022462744 -0.736886799 0.000301403 -0.018156519 0.675772250
1754429143512457472.000000 -3.464354038 4.119971752 -0.022176400 -0.737434387 0.003422722 -0.019079000 0.675140619
1754429144045913344.000000 -3.477559566 4.129932404 -0.024238348 -0.736746848 0.000348842 -0.024731038 0.675716221
1754429144579365632.000000 -3.511466742 4.155303001 -0.024151653 -0.738973796 0.013472011 -0.035531372 0.672661781
1754429145112820736.000000 -3.570079088 4.196214676 -0.024950787 -0.739500344 0.049613178 -0.061022729 0.668546259
1754429145646277888.000000 -3.581893206 4.369224548 -0.036245808 -0.749301791 0.014342269 -0.038483012 0.660954058
1754429146179742208.000000 -3.531521797 4.630681038 -0.018125623 -0.741321862 0.010371316 -0.000633242 0.671069324
1754429146679866112.000000 -3.598037004 4.869079113 -0.030138806 -0.733238518 0.016897999 -0.017214760 0.679543614
1754429147213328640.000000 -3.670940638 5.141701221 -0.012297503 -0.724773943 0.083104692 -0.065767683 0.680787027
1754429147713449984.000000 -3.589109659 5.424193382 -0.018460095 -0.699931383 0.093005314 -0.014258226 0.707985044
1754429148213575680.000000 -3.566128016 5.740380287 -0.013314318 -0.714506567 0.081276126 -0.034220122 0.694048703
1754429148747045120.000000 -3.572782755 6.084976196 -0.011564023 -0.709558487 0.145049542 -0.117181003 0.679526389
1754429149247170816.000000 -3.443714142 6.320111752 -0.029989243 -0.700924814 0.214423433 -0.147995129 0.663946152
1754429149747297024.000000 -3.289255142 6.534592152 -0.019959999 -0.692818761 0.239180312 -0.169722274 0.658778667
1754429150280758528.000000 -3.213012457 6.815528393 -0.030410904 -0.681750178 0.277368486 -0.236632943 0.634262025
1754429150780877568.000000 -3.088823795 7.036824703 -0.025357455 -0.657587290 0.368178695 -0.296149045 0.586787164
1754429151280994048.000000 -2.902740717 7.194065094 -0.029750409 -0.641514301 0.373923033 -0.298453331 0.599638700
1754429151814451456.000000 -2.750790119 7.373800278 -0.035920568 -0.681768239 0.345190167 -0.277699828 0.582167268
1754429152314572800.000000 -2.641892672 7.555722237 -0.027355563 -0.637662470 0.391765505 -0.360644579 0.556634486
1754429152614646272.000000 -2.542244434 7.629054070 -0.027108263 -0.606544554 0.455312133 -0.394266278 0.518988192
1754429153148110592.000000 -2.290893078 7.679843426 -0.034135483 -0.580892503 0.482860833 -0.399282962 0.519598484
1754429153681576960.000000 -2.062852144 7.741074562 -0.026025707 -0.582695007 0.486927509 -0.420046568 0.496919632
1754429154215034112.000000 -1.842756033 7.846849442 -0.032571241 -0.528841555 0.526429594 -0.499983609 0.439562351
1754429154715149568.000000 -1.607881904 7.874713898 -0.039973021 0.496464193 -0.579329252 0.511451185 -0.395371526
1754429155215273472.000000 -1.364412904 7.815223217 -0.040163040 0.507589638 -0.554260910 0.487896264 -0.443965048
1754429155748738304.000000 -1.112132549 7.799998760 -0.053454280 0.535309017 -0.558412254 0.467702866 -0.427637905
1754429156248848640.000000 -0.860702932 7.829238415 -0.053101361 0.482777715 -0.600967109 0.519132018 -0.369142443
1754429156748959488.000000 -0.657464266 7.758576870 -0.064855754 0.435119271 -0.645210743 0.526538312 -0.342245102
1754429157249074944.000000 -0.445150793 7.625899315 -0.051497132 0.428820670 -0.627932310 0.524418950 -0.383143127
1754429157749189632.000000 -0.189308405 7.567736149 -0.069550805 0.406647205 -0.651611507 0.548921227 -0.329736203
1754429158249301248.000000 0.086683251 7.487758636 -0.050116979 0.300918519 -0.703371227 0.596554637 -0.242568642
1754429158749412608.000000 0.287261695 7.293818474 -0.065902077 0.260838985 -0.719169497 0.598493636 -0.237831026
1754429159249526784.000000 0.493787587 7.095860958 -0.044293806 0.275797725 -0.708422720 0.604489625 -0.238044575
1754429159749640704.000000 0.734214067 6.920401573 -0.051034268 0.229400575 -0.712110400 0.634121180 -0.195357397
1754429160283092992.000000 0.925569117 6.735501289 -0.047877513 0.174357608 -0.733432412 0.640471816 -0.146534130
1754429160783204864.000000 1.031036139 6.501634598 -0.047353283 0.172173321 -0.704083741 0.662087321 -0.190428033
1754429161116612864.000000 1.130514145 6.369800091 -0.034030564 0.219762996 -0.698355079 0.647690594 -0.210953474
1754429161416680448.000000 1.222983122 6.308723450 -0.038741063 0.206702739 -0.697056174 0.659563065 -0.190691575
1754429161650065408.000000 1.317229152 6.275680065 -0.039891668 0.175051764 -0.692696929 0.679893613 -0.165144056
1754429161950134784.000000 1.451958537 6.253437519 -0.033762772 -0.157388091 0.685571671 -0.695203006 0.148031175
1754429162216862464.000000 1.542115211 6.236800194 -0.031778965 -0.131505743 0.686848581 -0.705544591 0.114683166
1754429162750319104.000000 1.642097712 6.221849442 -0.033628792 -0.076297991 0.695311308 -0.712925851 0.049574610
1754429163150413312.000000 1.711346269 6.213862896 -0.028282972 -0.067183629 0.692542613 -0.718036830 0.017156268
1754429163417142272.000000 1.758950710 6.208152294 -0.028124645 -0.053641580 0.694354534 -0.717549503 -0.010821086
1754429163683872512.000000 1.774295449 6.215698719 -0.026166372 -0.030119270 0.690206945 -0.722710490 -0.019919958
1754429164183992320.000000 1.801658154 6.225958347 -0.032168835 -0.046524215 0.687932372 -0.723988831 -0.020610502
1754429164684111616.000000 1.801924467 6.207315445 -0.039214738 -0.049084883 0.691117644 -0.720859051 -0.017591087
1754429165217573888.000000 1.724835515 6.109494209 -0.041734081 0.051118921 -0.714212775 0.698054969 -0.002508083
1754429165717694976.000000 1.590681672 5.958673000 -0.033776887 0.027729312 -0.708308995 0.703542054 -0.050578602
1754429166251158272.000000 1.484989405 5.696208954 -0.029202402 0.008167414 -0.728052676 0.680929959 -0.078784943
1754429166751279616.000000 1.513664603 5.487254620 -0.048730813 -0.002695849 -0.733901799 0.679065585 -0.015838787
1754429166984667648.000000 1.558014512 5.367610931 -0.038976043 -0.013569814 -0.721075773 0.692495286 0.017773651
1754429167251397376.000000 1.562501431 5.238563538 -0.033016510 -0.036900945 -0.723927379 0.687607646 0.041990798
1754429167518126336.000000 1.544014454 5.109776974 -0.048090763 -0.036844723 -0.727774441 0.684032261 0.032965984
1754429167818197504.000000 1.498706937 4.940383911 -0.049885117 0.001082807 -0.721749008 0.692150474 -0.002224007
1754429168218295552.000000 1.465594769 4.711919308 -0.052112166 0.055479083 -0.749359190 0.659363091 -0.024965698
1754429168618395392.000000 1.504167795 4.499824524 -0.075357355 0.053718563 -0.757243752 0.650911152 0.003314308
1754429169085176832.000000 1.559528351 4.218976498 -0.065704256 0.025807139 -0.770600080 0.636165321 0.028340446
1754429169752007424.000000 1.515403748 3.795556307 -0.068209663 0.011310989 -0.764966786 0.643969297 0.001245724
1754429170052078848.000000 1.527601361 3.620558977 -0.064447358 0.028914977 -0.768849790 0.638767362 -0.003210741
1754429170385492480.000000 1.566130042 3.422200680 -0.083780691 -0.004459936 -0.766065598 0.641809821 0.034697525
1754429170718905600.000000 1.599507213 3.210933447 -0.076387405 -0.029404869 -0.773102939 0.631200910 0.055068519
1754429171085662208.000000 1.566934586 3.004235268 -0.094037533 -0.044857223 -0.782838941 0.617707133 0.059908748
1754429171419077376.000000 1.496148825 2.793388605 -0.085535109 -0.003708760 -0.773241878 0.633139670 0.034891404
1754429171752493568.000000 1.461793900 2.590142727 -0.078618497 0.053993165 -0.785302758 0.616727173 0.005659444
1754429172119247616.000000 1.484250307 2.377440929 -0.096675985 0.073210947 -0.786391914 0.613263547 0.011655268
1754429172419319040.000000 1.515793920 2.191036701 -0.088651285 0.079335228 -0.788655400 0.609483361 0.016086251
1754429172752731648.000000 1.496481419 2.014807940 -0.092110232 0.060298666 -0.796479821 0.601195812 0.023401873
1754429173086144512.000000 1.449519396 1.838154078 -0.092706800 0.070954822 -0.790480614 0.608289719 0.009458167
1754429173419556608.000000 1.444504499 1.684157848 -0.093799703 0.108854868 -0.794287980 0.597706497 -0.002055360
1754429173786489344.000000 1.484694242 1.521699071 -0.100003034 0.107182376 -0.800258636 0.589992881 0.002538813
1754429174087283456.000000 1.571572065 1.360520482 -0.101572976 0.092061348 -0.804797649 0.585659683 0.028780017
1754429174388119040.000000 1.622616649 1.246718049 -0.090671718 0.046790369 -0.803125679 0.590734422 0.061909225
1754429174688993536.000000 1.652104616 1.146005988 -0.097542904 0.046037577 -0.809269488 0.581066489 0.072972961
1754429175022400256.000000 1.640181303 1.036411047 -0.106727958 0.087067887 -0.810344577 0.578412771 0.034634143
1754429175155734784.000000 1.647522092 0.991497278 -0.111182079 0.120227985 -0.810524523 0.572779596 0.022780258
1754429175255735040.000000 1.658152580 0.960224092 -0.117322236 0.138795540 -0.813543200 0.564399242 0.018354366
1754429175355733760.000000 1.671007395 0.928138435 -0.121595949 0.156096667 -0.818057239 0.553422689 0.011816060
1754429175489065984.000000 1.690480590 0.891398907 -0.125485718 0.171346635 -0.821178913 0.544314384 0.005229109
1754429175722394880.000000 1.742946625 0.829344153 -0.132943735 0.183688805 -0.826401651 0.531903327 0.019938566
1754429175989064192.000000 1.793545008 0.756786823 -0.146316051 0.161176473 -0.836043835 0.520884752 0.061089385
1754429176089064448.000000 1.813992381 0.729693472 -0.153764144 0.164771363 -0.840119720 0.512604177 0.065468453
1754429176322395136.000000 1.857513189 0.673232138 -0.172060609 0.177831680 -0.846619368 0.496190876 0.073526919
1754429176422393088.000000 1.872014165 0.649756789 -0.182086140 0.178954929 -0.850165904 0.488330513 0.082015097
1754429176622387968.000000 1.893265605 0.600375533 -0.201142937 0.177245155 -0.855841815 0.474879324 0.102998272
1754429176855718912.000000 1.910700321 0.544682980 -0.221622467 0.166110039 -0.858492196 0.465734273 0.135979086
1754429177055718400.000000 1.927943349 0.503387928 -0.241805598 0.167332768 -0.862192810 0.452122062 0.155592591
1754429177255715072.000000 1.946942449 0.478282243 -0.260997027 0.177595094 -0.866872311 0.437812895 0.159098655
1754429177489042432.000000 1.964921117 0.463950098 -0.277776062 0.193397269 -0.870358348 0.426794440 0.151394963
1754429177689033728.000000 1.973219514 0.452580422 -0.289257795 0.194849983 -0.870846272 0.419753879 0.165731549
1754429177855701248.000000 1.973234057 0.442557096 -0.293035179 0.188911304 -0.871554375 0.418417960 0.172139242
1754429177989035008.000000 1.978939295 0.433227450 -0.297131479 0.187996477 -0.873984873 0.413261414 0.173270926
1754429178255698176.000000 1.986758232 0.433607519 -0.297393501 0.193824336 -0.873017490 0.413492322 0.171163231
1754429178489024768.000000 1.993219495 0.434815705 -0.302375436 0.200834900 -0.873223782 0.411209226 0.167489320
1754429178622353664.000000 1.994182706 0.435930759 -0.304013014 0.203131542 -0.873470426 0.410585403 0.164944381
1754429178789018624.000000 1.989992023 0.443021953 -0.299957812 0.201651216 -0.874802530 0.410545558 0.159717694
1754429179022355200.000000 1.982447982 0.470396876 -0.281516403 0.202189103 -0.872141719 0.420008004 0.148599103
1754429179189022976.000000 1.973284721 0.501602709 -0.263265878 0.200982109 -0.868395388 0.431450695 0.139089689
1754429179355688192.000000 1.958640218 0.534624636 -0.246411204 0.195849285 -0.866570711 0.439259142 0.133227527
1754429179489019904.000000 1.943102121 0.559376478 -0.231607497 0.191477448 -0.865117788 0.446381241 0.125105768
1754429179655682816.000000 1.910182118 0.587304592 -0.207607239 0.172132999 -0.863507211 0.457435966 0.124409676
1754429179822348544.000000 1.874493361 0.619092882 -0.181508362 0.158869922 -0.858274817 0.472528040 0.121827796
1754429180022349056.000000 1.822569609 0.660032809 -0.150682434 0.141350269 -0.851635277 0.491008133 0.116827101
1754429180189014528.000000 1.764673471 0.690847874 -0.126977921 0.118302308 -0.849199653 0.502496362 0.111184187
1754429180389009408.000000 1.682041883 0.725910306 -0.101866990 0.079444461 -0.845341682 0.515289962 0.116457283
1754429180522338816.000000 1.623689651 0.752739549 -0.085830808 0.053446133 -0.842297912 0.522695363 0.120280318
1754429180955669504.000000 1.435658693 0.842704713 -0.054099284 -0.029390955 -0.831153810 0.537605703 0.138922885
1754429181122336768.000000 1.371502876 0.875585675 -0.046628378 -0.069607139 -0.820615709 0.544901729 0.157565475
1754429181655664128.000000 1.226464510 0.921012998 -0.041282833 -0.187405989 -0.794865131 0.534351826 0.218029037
1754429182155668736.000000 1.071224451 0.836268008 -0.045825660 -0.324087948 -0.750318587 0.496818334 0.291822940
1754429182722327040.000000 0.893360317 0.758110702 -0.038684275 -0.430073500 -0.687018692 0.464663416 0.356552958
1754429182955660032.000000 0.786180794 0.785342216 -0.048354596 -0.468492508 -0.660661638 0.450678587 0.375406116
1754429183122325760.000000 0.707077026 0.823359549 -0.044994928 -0.472953022 -0.639497042 0.467603981 0.385623634
1754429183355653376.000000 0.583963215 0.864192426 -0.031718671 -0.477819502 -0.625736713 0.476811469 0.390887350
1754429183555646720.000000 0.483922303 0.869566917 -0.026973572 -0.490008354 -0.620393515 0.467538565 0.395488977
1754429186588942848.000000 -1.232349634 1.336775064 -0.069630206 -0.756788433 -0.239327580 0.210423961 0.570714653
1754429187155607808.000000 -1.434830189 1.649221063 -0.066979736 -0.770736396 -0.224807993 0.160688847 0.574113071
1754429187688930816.000000 -1.642851591 1.995453596 -0.062351540 -0.780337155 -0.179477468 0.101617239 0.590369225
1754429188255588608.000000 -1.747592092 2.413755178 -0.076827206 -0.772608280 -0.193966940 0.119586818 0.592581034
1754429188788902912.000000 -1.915398121 2.732351542 -0.064321674 -0.763628244 -0.248593614 0.132975414 0.580853283
1754429189855744000.000000 -2.437523127 3.266325474 -0.072407022 -0.766358137 -0.240128905 0.158936366 0.574258208
1754429192424139264.000000 -3.631542683 4.219793797 -0.086037874 -0.797888517 -0.113702819 0.015625285 0.591778219
1754429192924252160.000000 -3.839475870 4.257973194 -0.132104039 -0.797798336 -0.065502621 -0.032952592 0.598449111
1754429193424364288.000000 -3.908658504 4.347189903 -0.213553771 -0.792894959 -0.075469390 -0.041968495 0.603208601
1754429193957817088.000000 -4.076323032 4.330342770 -0.322877884 -0.788913906 -0.017749727 -0.070148110 0.610228658
1754429194457928960.000000 -4.223879337 4.318910599 -0.354297370 -0.784248173 0.010717016 -0.087628029 0.614134550
1754429194958047488.000000 -4.262077808 4.309021950 -0.449760705 -0.767761290 0.003287316 -0.095575444 0.633559048
1754429195458172672.000000 -4.281491280 4.274117470 -0.563081443 -0.763739944 -0.042857043 -0.080282472 0.639076889
1754429195991637504.000000 -4.282024384 4.228858948 -0.626367509 -0.757160485 -0.034339432 -0.082381815 0.647102773
1754429196491758080.000000 -4.317924023 4.238667965 -0.677086771 -0.754814029 -0.026353069 -0.122250170 0.643907070
1754429197025222144.000000 -4.345605373 4.229870319 -0.711978674 -0.740073144 -0.053307008 -0.127314240 0.658210695
1754429197525346560.000000 -4.358313084 4.233597755 -0.728578031 -0.737479568 -0.070504487 -0.133590057 0.658260405
1754429198058812928.000000 -4.364750862 4.241167545 -0.741356313 -0.739367604 -0.078801259 -0.136049271 0.654688120
1754429198592281344.000000 -4.371168137 4.250890255 -0.748471916 -0.743952870 -0.081640668 -0.141834080 0.647882760
1754429199159086592.000000 -4.392023563 4.247976303 -0.757639349 -0.739453554 -0.095258169 -0.153488025 0.648518145
1754429199692548864.000000 -4.418220520 4.232307434 -0.768050313 -0.735859513 -0.093894124 -0.158287853 0.651643813
1754429200226012160.000000 -4.431236267 4.222094059 -0.775278687 -0.738764346 -0.082262240 -0.162476480 0.648892581
1754429200726135552.000000 -4.445323944 4.224166870 -0.779621959 -0.741857827 -0.082945779 -0.166084260 0.644346952
1754429201259600640.000000 -4.448482513 4.225948334 -0.783076823 -0.739321172 -0.082790650 -0.181975797 0.642988920
1754429201759723776.000000 -4.442998409 4.218604088 -0.779678702 -0.735644519 -0.081641257 -0.177446589 0.648594320
1754429202259842048.000000 -4.434581757 4.229135990 -0.783029139 -0.741700292 -0.075203493 -0.181794778 0.641229987
1754429202759960064.000000 -4.431333542 4.235589504 -0.785102844 -0.745516539 -0.077504106 -0.175496429 0.638278425
1754429203260082432.000000 -4.443685055 4.244054317 -0.789142132 -0.746081591 -0.083376095 -0.183240443 0.634691715
