1754520974489124352.000000 0.124147318 -0.023784228 0.025249962 -0.715287209 0.010013462 -0.005624658 0.698736250
1754520974755778048.000000 0.132654741 0.022928927 0.022902593 -0.724408686 -0.003759026 -0.005208591 0.689340889
1754520975022440704.000000 0.120980583 0.094813719 0.017236333 -0.731060803 -0.008766581 -0.016268738 0.682062149
1754520975289106432.000000 0.092399344 0.201954722 0.016434055 -0.729885101 -0.015766097 -0.024900204 0.682934284
1754520975589099520.000000 0.068237104 0.349789679 0.013873860 -0.746104598 0.022938417 -0.059383504 0.662778556
1754520975855756544.000000 0.090948172 0.467031062 0.013166394 -0.752367556 0.053429011 -0.064157806 0.653431058
1754520977223300352.000000 0.165239736 1.224562049 0.006184616 -0.756981313 -0.008128393 -0.025997290 0.652868569
1754520977390387456.000000 0.164960176 1.321996212 0.008450926 -0.762653351 0.025921885 -0.047201153 0.644561887
1754520977624326144.000000 0.196352556 1.454101682 0.003487349 -0.773615360 0.073233001 -0.059093922 0.626629233
1754520977924936448.000000 0.265601724 1.615579963 -0.008992152 -0.771094620 0.078792438 -0.033572502 0.630934000
1754520978091564544.000000 0.295905203 1.709024429 0.002498772 -0.770302236 0.048236378 -0.020046510 0.635535836
1754520978291514880.000000 0.316512555 1.808717370 0.005892429 -0.770653188 0.014533547 0.011030374 0.636993647
1754520979124619520.000000 0.214791551 2.240650892 0.000087256 -0.768988192 0.007665966 -0.010264488 0.639134645
1754520979391215616.000000 0.209636346 2.365374565 -0.005443088 -0.775938153 0.021809906 -0.015206154 0.630248487
1754520979624481280.000000 0.226075396 2.470136881 -0.012782657 -0.773369253 0.006735027 0.003134873 0.633912265
1754520981390702080.000000 0.112443283 3.106076002 -0.015663277 -0.773388088 0.010303417 0.001086867 0.633848131
1754520983623462912.000000 0.119730808 4.071516991 -0.013340252 -0.789588928 0.023464210 -0.006525058 0.613152683
1754520983923371776.000000 0.152177915 4.219173431 -0.019942123 -0.785968244 0.011592372 0.000629660 0.618157923
1754520985189698304.000000 0.078808241 4.842819214 -0.000204349 -0.775194764 0.034086131 -0.031176720 0.630031168
1754520985489618432.000000 0.088895112 4.987368107 -0.010745205 -0.773757160 0.100397438 -0.084565036 0.619732976
1754520985789527296.000000 0.115858622 5.155089378 -0.007319698 -0.770413160 0.108612403 -0.080252163 0.623078227
1754520986089766912.000000 0.116703346 5.317424297 -0.001045021 -0.774567246 0.097934045 -0.080942340 0.619598925
1754520986390135296.000000 0.087983601 5.477180004 -0.010708358 -0.767313778 0.108997226 -0.099444963 0.624067307
1754520986690537472.000000 0.031344235 5.660334587 0.000313747 -0.757412374 0.128300190 -0.120911233 0.628685951
1754520986957441536.000000 0.016547523 5.805582047 0.006349100 -0.755086362 0.175174892 -0.149516508 0.613842964
1754520987324104192.000000 0.060527235 6.023601532 -0.017083187 -0.764441133 0.191874281 -0.143442467 0.598530054
1754520987624092928.000000 0.107089244 6.216374397 -0.009315773 -0.765531003 0.197967753 -0.135186896 0.597072423
1754520987957415936.000000 0.098073371 6.416108131 -0.011788291 -0.780428886 0.182359338 -0.138736859 0.581745744
1754520988257417216.000000 0.048527278 6.582232475 -0.016969562 -0.763794541 0.198413312 -0.158298418 0.593457282
1754520988490748672.000000 0.008528810 6.703938484 0.004739870 -0.743839443 0.219982535 -0.187577307 0.602598906
1754520988857404672.000000 0.021235118 6.908733845 -0.008432300 -0.751809001 0.238828838 -0.181585133 0.587172031
1754520989124070400.000000 0.050961379 7.072583675 -0.015179968 -0.750592291 0.225376070 -0.144240975 0.604161680
1754520989390732544.000000 0.063761257 7.242286682 -0.004464577 -0.757399559 0.186033651 -0.125219166 0.613235414
1754520989624057344.000000 0.058889020 7.379822254 -0.002485701 -0.765452564 0.162523657 -0.120942801 0.610771060
1754520990157373696.000000 0.030359143 7.684756279 -0.010214272 -0.738769650 0.219509751 -0.160596505 0.616639018
1754520990690682368.000000 0.103314050 7.952497959 -0.024594758 -0.723248541 0.271598250 -0.189838991 0.605893612
1754520990990671872.000000 0.198649123 8.091113091 -0.013070868 -0.707143724 0.287691653 -0.195723251 0.615527213
1754520991190672384.000000 0.248851895 8.179686546 -0.011795552 -0.711461663 0.300076306 -0.211268604 0.599284708
1754520991424002048.000000 0.298221618 8.276947975 -0.015352743 -0.702632010 0.341161191 -0.248205602 0.572984576
1754520991690662144.000000 0.337789297 8.391307831 -0.019329920 -0.662827551 0.400699079 -0.313674033 0.549280107
1754520991923988224.000000 0.390811175 8.493528366 -0.010244668 -0.626890600 0.454212368 -0.356423646 0.523126662
1754520992157320192.000000 0.475371391 8.564767838 -0.020317551 -0.597052395 0.518124282 -0.379201204 0.480918050
1754520992423980288.000000 0.589406967 8.603602409 -0.027294507 0.554851890 -0.563432097 0.407382548 -0.456862181
1754520992924046592.000000 0.851983547 8.652872086 -0.023650380 -0.568051636 0.559110403 -0.404523313 0.448412538
1754520993424759040.000000 1.094579101 8.701911926 -0.036851197 -0.565981328 0.560417235 -0.423636645 0.431427598
1754520993925482752.000000 1.353683472 8.726780891 -0.024229918 0.533099174 -0.589217842 0.454567760 -0.402486980
1754520994425599488.000000 1.630976439 8.659377098 -0.031743038 -0.569639862 0.564749777 -0.418268144 0.426168978
1754520994658986752.000000 1.743963003 8.638623238 -0.023700550 -0.610661685 0.521527708 -0.388710111 0.451669693
1754520995159102976.000000 1.961046815 8.655858040 -0.033166006 -0.678120315 0.436351091 -0.325768381 0.493584335
1754520995659218688.000000 2.174293518 8.677939415 -0.026188660 -0.713020444 0.389522880 -0.272346854 0.515462041
1754520996159335936.000000 2.387119055 8.636330605 -0.032421369 -0.762169600 0.284834892 -0.191445798 0.548921824
1754520996659453952.000000 2.593636751 8.580770493 -0.025097672 -0.784882963 0.232879713 -0.140381947 0.556793392
1754520996992864768.000000 2.731308460 8.609183311 -0.037642382 -0.774407268 0.283557981 -0.182724953 0.535256863
1754520997292933632.000000 2.846583843 8.642984390 -0.022532770 -0.738473952 0.328500032 -0.240790576 0.537367642
1754520997526321664.000000 2.928027630 8.653280258 -0.020324109 -0.719718456 0.355913132 -0.266703427 0.533104539
1754520997793049600.000000 3.037237406 8.639993668 -0.020758713 -0.691903591 0.378122121 -0.296025097 0.539131045
1754520998059777536.000000 3.172163010 8.612577438 -0.014623381 -0.668028593 0.408953995 -0.333033681 0.524960101
1754520998326506496.000000 3.292430162 8.603642464 -0.013672059 -0.664995193 0.425673336 -0.339920431 0.510918558
1754520998659916800.000000 3.421645164 8.646797180 -0.022773463 -0.670070827 0.437705189 -0.336613953 0.496095210
1754520998926646272.000000 3.519992590 8.723914146 -0.031148354 -0.678104341 0.439428508 -0.341329962 0.480178088
1754520999193379072.000000 3.612792015 8.782599449 -0.028627906 -0.658277631 0.465277165 -0.354600281 0.473757833
1754520999460111360.000000 3.709095716 8.807802200 -0.024880737 -0.625582039 0.509985685 -0.382997334 0.449304909
1754520999726844672.000000 3.815730095 8.812417030 -0.030752337 -0.596061707 0.534961283 -0.402576566 0.443237036
1754520999960234240.000000 3.930835724 8.813237190 -0.024675967 -0.583740532 0.543497622 -0.410120666 0.442332923
1754521000260303872.000000 4.067677975 8.830674171 -0.019461272 -0.575915337 0.549301207 -0.424206078 0.432017416
1754521000560375040.000000 4.202944279 8.866240501 -0.025188483 0.543342710 -0.581749499 0.456009924 -0.397996426
1754521000860444672.000000 4.347178936 8.917225838 -0.016993368 0.498765916 -0.616199613 0.478953540 -0.377006799
1754521001127173120.000000 4.455820560 8.941065788 -0.011931116 0.444507241 -0.656018198 0.501842976 -0.346708983
1754521001393902592.000000 4.582979202 8.941524506 -0.026731245 0.430213720 -0.679764569 0.502727509 -0.316388041
1754521001693972224.000000 4.751998901 8.904733658 -0.038500294 0.441365898 -0.677638352 0.485949248 -0.331445009
1754521001960701952.000000 4.908148766 8.883348465 -0.030510547 0.448556483 -0.675295234 0.483477920 -0.330185771
1754521002227430400.000000 5.044747829 8.899008751 -0.022541227 0.434968054 -0.673280239 0.511020601 -0.310410172
1754521002560841472.000000 5.219055176 8.956130028 -0.017995723 0.380126148 -0.668932617 0.561391234 -0.304750979
1754521002794230016.000000 5.346668720 8.984632492 -0.001766818 0.334455132 -0.673504949 0.590603948 -0.292776227
1754521003027618048.000000 5.475314617 8.982544899 0.000869300 0.316848278 -0.683050692 0.596218824 -0.278517723
1754521003294349312.000000 5.641677380 8.947083473 -0.016790355 0.314730644 -0.690356731 0.580904543 -0.294791728
1754521003594420480.000000 5.836869717 8.907645226 -0.008343693 0.326112151 -0.697346747 0.568404853 -0.290300429
1754521003861150464.000000 5.983722210 8.902596474 -0.007440247 0.339749992 -0.695747793 0.569433510 -0.276134968
1754521004161224960.000000 6.156697750 8.917465210 -0.019205162 0.324689209 -0.698432267 0.580834568 -0.263439715
1754521004427957504.000000 6.326691151 8.928284645 -0.009015733 0.286442667 -0.720279932 0.585402906 -0.237594098
1754521004694690304.000000 6.461744785 8.924475670 -0.005976329 0.253214449 -0.735248208 0.591624975 -0.212773383
1754521004961421824.000000 6.603516579 8.896669388 -0.024217976 0.251320690 -0.742783248 0.584694803 -0.207949594
1754521005228148480.000000 6.757528782 8.849161148 -0.023589004 0.245604843 -0.747870803 0.577003717 -0.217793971
1754521005494875904.000000 6.904499054 8.832861900 -0.013135312 0.263555110 -0.745240450 0.576008201 -0.208254769
1754521005761602304.000000 7.042505741 8.820326805 -0.020035438 0.246854782 -0.760626912 0.573788762 -0.176849738
1754521006028330496.000000 7.177202225 8.829790115 -0.024297673 0.203238159 -0.769042790 0.586700916 -0.151820943
1754521006395084544.000000 7.353391647 8.837365150 -0.015431199 0.152567908 -0.782050073 0.592312455 -0.119526960
1754521006728496384.000000 7.483034611 8.791090012 -0.020148598 0.106778048 -0.788424313 0.600123525 -0.082687795
1754521007028570368.000000 7.582023621 8.692526817 -0.022600818 0.085700415 -0.786185026 0.602003157 -0.110275827
1754521007328648448.000000 7.679757118 8.600154877 -0.015107071 0.084159441 -0.783793747 0.605836749 -0.107454173
1754521007595383808.000000 7.767247200 8.518821716 -0.014976198 0.080058783 -0.791253924 0.599919379 -0.087205008
1754521007895460352.000000 7.873551369 8.416352272 -0.025678549 0.040397927 -0.792853177 0.606411934 -0.044903662
1754521008195528960.000000 7.957587242 8.303296089 -0.013430377 0.006081542 -0.788098514 0.614782095 -0.030110609
1754521008528937472.000000 7.993698120 8.152744293 -0.017952774 -0.010374543 -0.787049353 0.616090000 -0.029643882
1754521009062396928.000000 7.986629009 7.850559235 -0.013330864 -0.017276417 -0.778394580 0.627127647 -0.022679444
1754521009329131008.000000 8.009537697 7.720616341 -0.009766297 0.011806367 -0.782279611 0.622239530 -0.026780989
1754521009595865600.000000 8.042034149 7.592892647 -0.021152791 0.010944283 -0.780336976 0.624800861 -0.024048811
1754521009929285632.000000 8.086882591 7.430833817 -0.005395699 -0.009942821 -0.760859072 0.648817599 -0.005513316
1754521010562782208.000000 8.038051605 7.094532490 -0.015556972 -0.013504919 -0.751853228 0.658915222 -0.019107994
1754521010862861056.000000 7.992271900 6.922958374 0.004329961 -0.022536265 -0.744985878 0.666667461 -0.006531646
1754521011129588480.000000 7.997168541 6.773104668 -0.000027845 -0.013906207 -0.757199049 0.653017521 -0.004924506
1754521011462997760.000000 8.039959908 6.588990211 -0.010885121 0.001634149 -0.756974816 0.653409481 -0.006514123
1754521012096481792.000000 8.065287590 6.249199390 -0.013947038 -0.072307654 -0.768873692 0.633689940 0.045187943
1754521013096734976.000000 8.054541588 5.705111980 -0.016782232 -0.008273823 -0.764203310 0.644864202 -0.008666041
1754521013730223872.000000 8.130153656 5.353086472 -0.007200854 -0.043460600 -0.765078723 0.641857982 0.028003696
1754521014063636480.000000 8.099058151 5.169712543 -0.021653756 -0.045726802 -0.769781828 0.636463344 0.016107464
1754521014663776512.000000 8.047270775 4.855047703 -0.000207255 -0.007436635 -0.764416039 0.644596636 -0.010394070
1754521014997190144.000000 8.066255569 4.695243359 -0.015881518 -0.003156565 -0.767937541 0.640505075 -0.003909567
1754521015297268480.000000 8.104788780 4.550075531 -0.004826950 -0.003689192 -0.756709337 0.653673530 0.009391820
1754521017697848832.000000 8.116631508 3.413026810 -0.021979123 -0.240501270 -0.741569459 0.588889539 0.213173553
1754521019698301696.000000 8.210119247 2.571956635 -0.029236076 0.084867112 -0.797183812 0.594325721 -0.063816547
1754521019965032960.000000 8.175058365 2.475584269 -0.025017958 0.137966007 -0.792267501 0.584565341 -0.107522376
1754521020198424320.000000 8.159902573 2.400391340 -0.033157650 0.179443493 -0.795574188 0.563165545 -0.133064985
1754521020498498304.000000 8.161512375 2.300396919 -0.041115120 0.185849473 -0.811179042 0.540228069 -0.124909244
1754521020798572032.000000 8.187399864 2.211699724 -0.044997431 0.168621451 -0.823810399 0.535429001 -0.078861073
1754521021131985920.000000 8.197782516 2.124571323 -0.045919217 0.102871701 -0.831793010 0.545146227 -0.018797420
1754521021498741504.000000 8.155977249 2.062429667 -0.040560387 0.029506080 -0.831081808 0.554832518 0.024358397
1754521023099103488.000000 7.933308125 1.869652390 -0.021617712 -0.247253254 -0.770506561 0.548310280 0.211048380
1754521024699487744.000000 7.510095119 1.446804404 -0.028858693 -0.429142773 -0.667302191 0.531772316 0.296247363
1754521027166776320.000000 6.507817268 0.638183355 -0.017703012 -0.505557537 -0.519359112 0.505141497 0.468518823
1754521029033869056.000000 5.511547089 0.420201987 -0.029199801 -0.613631487 -0.441782027 0.403707325 0.515078187
1754521031934563328.000000 3.886756897 0.307483673 -0.029536016 -0.581239581 -0.457766473 0.424489379 0.521937907
1754521034135080960.000000 2.751091480 0.255067438 -0.007428403 -0.649380445 -0.381630570 0.348004162 0.558172226
1754521036802361088.000000 1.529912591 0.571621835 -0.018602785 -0.725410759 -0.267681867 0.263910443 0.576608181
1754521038569415168.000000 0.833763957 0.950954080 -0.027501937 -0.773755968 -0.158927873 0.144512787 0.595952868
1754521038869478400.000000 0.741650283 1.084415078 -0.011297757 -0.770198226 -0.130824864 0.128022313 0.610974550
1754521040136435456.000000 0.408293903 1.540937662 -0.011427070 -0.797216654 0.020785483 0.014753750 0.603155017
1754521040669899008.000000 0.374329984 1.802722216 -0.014588102 -0.786899090 0.018338429 0.024596080 0.616318583
1754521041670160896.000000 0.217869803 2.303117990 -0.017466612 -0.790363014 0.023964178 -0.009181246 0.612101197
1754521042170283520.000000 0.183037475 2.541672707 -0.027483080 -0.799803972 0.060311694 -0.024222156 0.596732318
1754521042670396416.000000 0.154001907 2.788164377 -0.004506147 -0.778684318 0.073367782 -0.046486456 0.621375084
1754521043203851008.000000 0.129406586 3.005027056 -0.003647117 -0.769251585 0.107419603 -0.093905449 0.622812033
1754521043703965440.000000 0.119252153 3.205701828 -0.003871953 -0.763782740 0.143220291 -0.100381382 0.621327221
1754521044237427200.000000 0.208198681 3.406571388 -0.026456796 -0.773072422 0.174008027 -0.097755238 0.602099717
1754521044504161024.000000 0.261926472 3.555082083 -0.015366935 -0.774148822 0.138155729 -0.081241660 0.612377703
1754521045004284672.000000 0.269505829 3.757143259 -0.003368117 -0.788605988 0.049850572 -0.035394743 0.611851871
1754521046537976576.000000 0.093719408 4.501399040 -0.030702317 -0.796876967 -0.107162416 0.060874838 0.591436863
1754521049171980288.000000 0.059201486 5.929627419 -0.025376633 -0.797457337 0.000504050 -0.017127369 0.603132069
1754521049572071936.000000 0.023100356 6.125070095 -0.005553734 -0.782754600 0.023696695 -0.034187086 0.620938897
1754521049905483008.000000 0.034499809 6.307393551 -0.016901826 -0.790191889 0.073820814 -0.056210868 0.605795085
1754521050305585408.000000 0.065625057 6.538848400 -0.015497657 -0.772831082 0.069546066 -0.034448024 0.629848182
1754521050705688832.000000 0.062090896 6.762844086 -0.012044004 -0.792565048 0.050604437 -0.039956179 0.606368959
1754521051205826048.000000 0.022210494 7.018280506 -0.015596431 -0.784213364 0.102422059 -0.089832306 0.605350614
1754521051705969152.000000 0.029077560 7.245791435 -0.012192099 -0.767202556 0.197080418 -0.147496864 0.592287362
1754521052206091264.000000 0.146349698 7.455060005 -0.014516060 -0.732615709 0.272122622 -0.173621178 0.599232137
1754521052672859904.000000 0.246338278 7.643770218 -0.013287166 -0.721426666 0.318855256 -0.218431786 0.574597657
1754521053172967424.000000 0.401463956 7.867959023 -0.023113241 -0.689206421 0.369157165 -0.278538495 0.557793796
1754521053673074432.000000 0.616448104 7.999567032 -0.026207136 -0.666669548 0.425283730 -0.301468700 0.532730758
1754521054173187072.000000 0.906758130 8.072197914 -0.021175010 -0.669982076 0.398719758 -0.304371059 0.547270417
1754521054673303040.000000 1.158912301 8.158628464 -0.033935096 -0.683513165 0.399766028 -0.298809737 0.532644093
1754521055206757888.000000 1.442687869 8.251881599 -0.019079182 -0.670868397 0.404507250 -0.319903135 0.532889783
1754521055740209920.000000 1.712146759 8.263128281 -0.028931346 -0.698977292 0.359688103 -0.273822963 0.554144681
1754521056240326912.000000 1.961867332 8.236299515 -0.011786064 -0.715874195 0.289540619 -0.237857074 0.589164138
1754521056773789952.000000 2.166049480 8.297378540 -0.021452840 -0.732673585 0.227375209 -0.221889511 0.601876259
1754521057307246336.000000 2.375460386 8.344203949 -0.011244302 -0.736712039 0.198971376 -0.189093128 0.617988348
1754521057740677632.000000 2.563418150 8.357729912 -0.014074490 -0.757258534 0.117162406 -0.128240526 0.629592538
1754521058240787968.000000 2.752569675 8.357533455 -0.008483319 -0.773514509 0.077354863 -0.068855628 0.625260353
1754521058740896768.000000 2.768100739 8.355945587 -0.006891627 -0.772789299 0.077605747 -0.059021585 0.627128720
1754521059241010688.000000 2.745589733 8.366311073 -0.008750145 -0.778103828 0.075649261 -0.064852081 0.620182157
1754521059741126912.000000 2.742049694 8.378954887 -0.019920867 -0.780635893 0.095744759 -0.068591751 0.613787949
1754521060241249792.000000 2.781442881 8.393907547 -0.024389101 -0.781530797 0.068321146 -0.054713745 0.617695928
1754521060774719232.000000 2.942340612 8.407142639 -0.020994958 -0.785581827 0.013505145 -0.019839725 0.618292272
1754521061774951936.000000 2.993118525 8.351519585 -0.023254707 -0.798226357 0.012606896 -0.005309179 0.602202356
1754521062275076864.000000 2.955559731 8.333217621 -0.020238355 -0.788795471 0.015985476 -0.007223452 0.614405453
1754521062775205376.000000 2.958461761 8.429289818 -0.032715652 -0.804966033 0.032912802 -0.018155888 0.592129111
1754521065342498048.000000 3.244250774 8.395450592 -0.038710631 -0.815014601 -0.124408208 0.067276768 0.561914384
1754521066876182784.000000 2.715430498 8.359797478 -0.028485026 -0.735751271 -0.350545466 0.247947112 0.523746312
1754521067376321792.000000 2.552971601 8.383395195 -0.037118424 -0.705882609 -0.412999302 0.290472627 0.496776700
1754521070343693824.000000 1.112650871 8.407407761 -0.036116015 -0.712703884 -0.388294280 0.305805504 0.497758806
1754521070743787264.000000 0.910077929 8.425014496 -0.032301247 -0.740208209 -0.341671944 0.301272243 0.494557559
1754521071110537472.000000 0.752100766 8.390974045 -0.021897482 -0.757973790 -0.295038313 0.253415227 0.523649514
1754521071410604800.000000 0.607884765 8.336595535 -0.033805393 -0.795347273 -0.184086055 0.169614255 0.552056253
1754521071643990784.000000 0.505398989 8.286413193 -0.023292027 -0.814788759 -0.083030298 0.088422298 0.566927433
1754521072144103936.000000 0.397030979 8.108342171 -0.039438274 -0.803672194 0.045977529 -0.018007709 0.593020141
1754521072644217856.000000 0.289754391 7.918397427 -0.017640136 -0.801795900 0.051877528 -0.021959836 0.594936907
1754521073144332544.000000 0.167929053 7.795437336 -0.034223087 -0.799463987 0.145488426 -0.073862627 0.578130484
1754521073477744896.000000 0.084422082 7.693922520 -0.031811550 -0.796360970 0.187106952 -0.093969911 0.567423880
1754521073877837824.000000 0.072115891 7.574913502 -0.026625138 -0.794558823 0.174516767 -0.070089772 0.577327907
1754521074244588032.000000 0.065115042 7.430087566 -0.022935566 -0.797134876 0.129659653 -0.045423497 0.587963521
1754521074577996800.000000 0.040379055 7.301380157 -0.003457916 -0.788361549 0.097614162 -0.036621828 0.606313705
1754521075011431680.000000 -0.005787478 7.180888653 -0.026791334 -0.800111771 0.104289137 -0.062545113 0.587395191
1754521075311508736.000000 -0.028999403 7.079640388 -0.028420685 -0.806585133 0.109408982 -0.085244223 0.574616075
1754521075678268928.000000 -0.015399985 6.947538376 -0.009232977 -0.803087831 0.079557173 -0.055399183 0.587921381
1754521076011683584.000000 0.034580924 6.796782494 -0.026222663 -0.810535252 0.015784746 -0.005677670 0.585449696
1754521076878547200.000000 0.103249989 6.360280037 -0.012863997 -0.792192280 0.022669319 -0.008906215 0.609785438
1754521077145276672.000000 0.081231244 6.227420807 -0.014976268 -0.795547605 0.033126675 -0.020220794 0.604646742
1754521077478690048.000000 0.076763973 6.079394817 0.002278823 -0.781704009 0.033569634 -0.019147277 0.622451127
1754521077845443840.000000 0.117049955 5.957299709 -0.007150453 -0.781813145 0.012911256 0.006481306 0.623345315
1754521078312221440.000000 0.172537208 5.788778782 -0.009997579 -0.801570892 0.022949124 0.003339617 0.597449899
1754521078845682176.000000 0.140167296 5.583019257 -0.005168068 -0.781332552 0.050812405 -0.023065049 0.621615291
1754521079212440064.000000 0.092167035 5.437603951 -0.010408311 -0.786914527 0.068713322 -0.033024020 0.612334490
1754521079745907968.000000 0.093161680 5.268411160 -0.001205761 -0.776317656 0.064504795 -0.033801962 0.626120925
1754521080112662528.000000 0.148195267 5.158458710 -0.015067984 -0.789894760 0.049746498 -0.016459906 0.610999823
1754521080612779264.000000 0.194601193 4.962175846 0.005318305 -0.773343623 0.092576303 -0.021320242 0.626829088
1754521081146233856.000000 0.156158686 4.769312859 -0.015029992 -0.784851551 0.108952001 -0.038897615 0.608789504
1754521081613004800.000000 0.158267289 4.594286919 -0.000200176 -0.785065413 0.097325809 -0.034625743 0.610738158
1754521082146457344.000000 0.234411523 4.424245834 -0.018497534 -0.803329825 0.078487411 -0.013010020 0.590196371
1754521082646568704.000000 0.284812242 4.260885239 -0.002743764 -0.789640427 0.113094904 -0.022016309 0.602654815
1754521083180034816.000000 0.226006806 4.123212814 -0.020038065 -0.797714531 0.153354675 -0.070150457 0.578975677
1754521083646829568.000000 0.225872383 3.999896526 -0.023503779 -0.807512879 0.167216063 -0.075645231 0.560570776
1754521084180303360.000000 0.314978212 3.902406216 -0.038592890 -0.822719455 0.164152279 -0.066185489 0.540190995
1754521084680428800.000000 0.350534081 3.815330505 -0.028850529 -0.813051701 0.158396438 -0.045915019 0.558345258
1754521085180547328.000000 0.277363598 3.732705116 -0.026505884 -0.810664535 0.138287410 -0.050978221 0.566657722
1754521085647320576.000000 0.239026368 3.655377865 -0.035455991 -0.819523454 0.124977522 -0.040625725 0.557773650
1754521086180775424.000000 0.239860028 3.642564774 -0.044902630 -0.830650508 0.108413197 -0.028890710 0.545372963
1754521086614206208.000000 0.267365813 3.548982143 -0.017186310 -0.802713275 0.048534907 0.003447345 0.594376981
1754521087647772672.000000 0.282028258 3.450013161 0.002470170 -0.775863290 0.020486791 0.007111261 0.630528331
1754521088181230336.000000 0.242530674 3.422546148 0.005118301 -0.764290392 -0.002296506 -0.005595943 0.644843817
1754521089214808064.000000 0.231408790 3.425372124 0.013670189 -0.755663633 0.031889398 -0.013012659 0.654053688
1754521089714923264.000000 0.240643859 3.411859035 0.016392630 -0.739943564 0.015192348 -0.026707951 0.671966910
1754521090215046400.000000 0.237929165 3.379191875 0.022597197 -0.721011043 0.016496982 -0.023683850 0.692322195
1754521090748516864.000000 0.238617688 3.358733654 0.016967116 -0.708319902 0.028239518 -0.012643903 0.705213249
1754521091281989120.000000 0.235542044 3.352797747 0.016563609 -0.701497018 0.018990250 -0.001891686 0.712416947
1754521091782120704.000000 0.235642776 3.340612173 0.023100138 -0.692653596 0.022342976 0.000673942 0.720924020
1754521092315580928.000000 0.238557771 3.336220741 0.034388032 -0.663156986 0.028922979 -0.005411154 0.747901797
1754521092815696640.000000 0.233794123 3.347357273 0.032974303 -0.668921590 0.025386417 -0.015160000 0.742744744
1754521093349160960.000000 0.228039369 3.356563568 0.032643195 -0.672239959 0.027802305 -0.015936032 0.739639461
1754521093849284864.000000 0.233819455 3.363294125 0.027595494 -0.692660272 0.045612715 -0.021710459 0.719492793
1754521094349404160.000000 0.231666297 3.366511583 0.026301917 -0.699960470 0.043049347 -0.016442144 0.712693334
1754521094882863872.000000 0.227054581 3.347773075 0.027150415 -0.691726506 0.045184832 -0.020565560 0.720451176
1754521095382983168.000000 0.234346122 3.322806597 0.026321579 -0.676844060 0.063474238 -0.024948839 0.732960284
1754521095916445696.000000 0.242778793 3.324964285 0.019251216 -0.688020110 0.053753160 -0.011423641 0.723607957
1754521096449915136.000000 0.242993683 3.354766130 0.017458966 -0.715284884 0.038637575 -0.008725909 0.697709560
1754521096950042368.000000 0.250925422 3.358057261 0.013976561 -0.721732676 0.042240847 -0.009382991 0.690818131
1754521097450160896.000000 0.244918421 3.358854771 0.016146543 -0.719223797 0.042693082 -0.013471756 0.693334699
1754521097950278400.000000 0.241417378 3.360964775 0.014715220 -0.718560815 0.028124398 -0.005241316 0.694875479
1754521098483730432.000000 0.240408584 3.362055779 0.015934024 -0.717879593 0.028665634 -0.006948667 0.695542276
1754521098983843328.000000 0.235462263 3.367341757 0.013647840 -0.723428369 0.020987557 -0.005208895 0.690060794
1754521099483962112.000000 0.236789063 3.362926006 0.012897408 -0.723453164 0.026731737 -0.006672061 0.689823508
1754521100017423360.000000 0.235800683 3.362828255 0.014058772 -0.725091219 0.026358075 -0.010959411 0.688060939
1754521100550885888.000000 0.238925442 3.371263981 0.010333899 -0.728426039 0.035901688 -0.012987395 0.684059978
1754521101084345856.000000 0.245620415 3.372083902 0.009308154 -0.727045596 0.044777077 -0.012219312 0.685018539
1754521101617797888.000000 0.247337908 3.373461008 0.009726343 -0.727324605 0.046130743 -0.012781954 0.684622228
1754521102117912832.000000 0.246873960 3.376265764 0.007758142 -0.731392503 0.042284738 -0.011814220 0.680542052
1754521102651373312.000000 0.242442891 3.370706081 0.009153058 -0.728320658 0.042496379 -0.013035242 0.683793247
1754521103184827904.000000 0.231917009 3.376567364 0.009751702 -0.732006669 0.031253204 -0.013126740 0.680453658
1754521103718277120.000000 0.230775401 3.387308121 0.006511590 -0.737538517 0.037391648 -0.015244109 0.674096704
1754521104251736576.000000 0.224201068 3.393553019 0.005264645 -0.740562797 0.034863364 -0.015169526 0.670910776
1754521104751861760.000000 0.222911328 3.397318363 0.005056052 -0.742727399 0.038631491 -0.018326569 0.668227434
1754521105285319680.000000 0.221794188 3.390419722 0.007942679 -0.738785565 0.034319833 -0.016921343 0.672853529
1754521105785432832.000000 0.228698000 3.390325785 0.010678183 -0.735980868 0.032664269 -0.011906470 0.676109135
1754521106285556736.000000 0.240839556 3.392689705 0.010225745 -0.735737920 0.033518542 -0.006389633 0.676406205
1754521106785684480.000000 0.241809830 3.386997461 0.010906252 -0.732855678 0.029210897 -0.004780162 0.679740071
1754521107285802752.000000 0.239094451 3.385982275 0.010765994 -0.731322944 0.026392026 -0.004591294 0.681505144
1754521107785917440.000000 0.242354438 3.385000944 0.011549090 -0.731047094 0.031629667 -0.003381997 0.681585133
1754521108286032896.000000 0.239515260 3.390894890 0.011136594 -0.733362496 0.033637520 -0.006673176 0.678972423
1754521108786149632.000000 0.244763091 3.391574383 0.010260889 -0.731966734 0.041171700 -0.009699075 0.680026233
1754521109286267136.000000 0.246317074 3.394663095 0.010310348 -0.733183146 0.034325950 -0.008620624 0.679109633
1754521109819725824.000000 0.250917614 3.396340370 0.008801816 -0.736963391 0.033153381 -0.004401055 0.675104797
1754521110319845888.000000 0.253186733 3.384204149 0.009726627 -0.734817088 0.042282071 -0.006337072 0.676916480
1754521110819966720.000000 0.252969861 3.382179022 0.009135815 -0.733460844 0.044102903 -0.008453153 0.678246856
1754521111353425152.000000 0.259004176 3.384277344 0.008332503 -0.735737562 0.050647222 -0.008097732 0.675321817
1754521111886881792.000000 0.257225811 3.385837555 0.007697934 -0.738027394 0.047050241 -0.006689678 0.673095167
1754521112387002112.000000 0.254709661 3.384868860 0.007242251 -0.737410843 0.046233263 -0.007474369 0.673818886
1754521112920464384.000000 0.247778371 3.388469458 0.007973778 -0.738063991 0.044459689 -0.009993316 0.673190296
1754521113453932032.000000 0.239678010 3.394988537 0.007384107 -0.737524629 0.040130325 -0.011710430 0.674025178
1754521113954058240.000000 0.233277366 3.401880503 0.007784295 -0.741057217 0.040650569 -0.014419945 0.670055091
1754521114454176768.000000 0.232674256 3.398997784 0.007348346 -0.739988327 0.042948581 -0.014428187 0.671092093
1754521114954293504.000000 0.235048890 3.391943693 0.005762124 -0.738859236 0.044188857 -0.014739628 0.672247887
1754521115454407680.000000 0.242596582 3.389738798 0.005028075 -0.739679515 0.045637120 -0.012999322 0.671284258
1754521115954520832.000000 0.242076918 3.397515059 0.005833288 -0.743910849 0.041114021 -0.013183175 0.666882753
1754521116487974656.000000 0.241357535 3.393492460 0.005836375 -0.739725292 0.043129362 -0.013768211 0.671384275
1754521117021427712.000000 0.234438956 3.393790483 0.004561599 -0.740660906 0.039917346 -0.014744785 0.670530081
1754521117521539840.000000 0.235425517 3.388596535 0.005992750 -0.740740657 0.040982611 -0.012335399 0.670426428
1754521118021655552.000000 0.236741409 3.392499924 0.003948425 -0.742787123 0.040800184 -0.011852932 0.668178320
1754521118555122944.000000 0.240317523 3.395134211 0.004559808 -0.742213130 0.042703465 -0.013328483 0.668669164
1754521119055250432.000000 0.242213383 3.395450830 0.004632168 -0.742697299 0.040311974 -0.012562868 0.668294787
1754521119555378944.000000 0.243078947 3.401784658 0.004413433 -0.746194899 0.037035823 -0.010172767 0.664618790
1754521120055508224.000000 0.243919224 3.404089212 0.003580737 -0.746907532 0.039811440 -0.010821974 0.663646817
1754521120555639040.000000 0.239828423 3.403825045 0.005991171 -0.746908605 0.036952887 -0.011670266 0.663796604
1754521121055770368.000000 0.239261821 3.401413918 0.004222598 -0.746921182 0.036260959 -0.010195671 0.663844824
1754521121555902464.000000 0.239764541 3.398409128 0.004787759 -0.746678233 0.037849747 -0.011223283 0.664012909
1754521122089373952.000000 0.237975568 3.401043653 0.006021915 -0.746581435 0.036412917 -0.011619393 0.664195180
1754521122622840320.000000 0.237242088 3.398710489 0.003722172 -0.745634973 0.035863809 -0.012635470 0.665268838
1754521123156305664.000000 0.238225698 3.395019770 0.004402111 -0.744763553 0.036797151 -0.011553031 0.666213095
1754521123656427776.000000 0.235921264 3.394808769 0.003812922 -0.745708048 0.036054149 -0.012525688 0.665178776
1754521124156548864.000000 0.237062737 3.393231869 0.002809864 -0.744902551 0.034670517 -0.010722134 0.666185558
1754521124690010368.000000 0.240491629 3.393791914 0.004225988 -0.745051384 0.039060179 -0.012516249 0.665744841
1754521125190123776.000000 0.241954148 3.390157700 0.003119476 -0.743238628 0.036221877 -0.011639502 0.667943776
1754521125723574272.000000 0.241019472 3.387767553 0.002624693 -0.743034303 0.038350545 -0.011464635 0.668055356
1754521126223694080.000000 0.235854164 3.389000177 0.002206268 -0.744513452 0.035245076 -0.013291733 0.666543961
1754521126757162240.000000 0.233735621 3.392887115 0.002462522 -0.744406819 0.034506537 -0.014622932 0.666673899
1754521127257279232.000000 0.228893891 3.396902800 0.002463114 -0.743505061 0.035062149 -0.016369510 0.667609870
1754521127757391360.000000 0.231029510 3.392406702 0.002949344 -0.743709743 0.036396563 -0.015344008 0.667334855
1754521128257501952.000000 0.229997173 3.395392418 0.003872871 -0.746206164 0.035047453 -0.016002882 0.664599061
1754521128757613056.000000 0.228395343 3.404238701 0.003576311 -0.747880220 0.036115158 -0.016437240 0.662646830
1754521129257726464.000000 0.229426995 3.403979540 0.003303898 -0.747162402 0.039409649 -0.016826473 0.663258731
1754521129757840640.000000 0.228604048 3.404129267 0.003862381 -0.747579813 0.037150398 -0.017954124 0.662889123
1754521130291307776.000000 0.231729999 3.400810003 0.003205340 -0.746272624 0.039640628 -0.016850036 0.664245427
1754521130791437568.000000 0.236179054 3.400781393 0.002997225 -0.747630060 0.038391568 -0.016358921 0.662802994
1754521131291560960.000000 0.240517646 3.400914907 0.002568488 -0.747916758 0.038887352 -0.015726725 0.662465930
1754521131825022208.000000 0.239376873 3.401140451 0.003479812 -0.747316003 0.036073338 -0.014717307 0.663325727
1754521132325130496.000000 0.237391293 3.401633501 0.003142449 -0.748143196 0.036341481 -0.013993925 0.662393689
1754521132858575104.000000 0.237903461 3.404450178 0.004857808 -0.747523606 0.039905917 -0.017322762 0.662809193
1754521133392027648.000000 0.241048813 3.409175634 0.005865302 -0.747421443 0.042825572 -0.015445740 0.662788451
1754521133892138752.000000 0.239067823 3.408587694 0.006787237 -0.745552361 0.042339113 -0.016345542 0.664899945
1754521134425600000.000000 0.237381384 3.401675701 0.005472941 -0.745979786 0.039902706 -0.015193616 0.664598525
1754521134925719552.000000 0.234515831 3.396833658 0.005889573 -0.745594561 0.039583959 -0.016871570 0.665009260
1754521135425841920.000000 0.247771353 3.389208794 0.016723391 -0.728708565 0.059371579 -0.023636879 0.681835949
1754521135925964544.000000 0.246045873 3.385173798 0.022549031 -0.726562083 0.049193520 -0.021111144 0.685012400
1754521136426082048.000000 0.247717872 3.389055252 0.023127859 -0.729837239 0.044726081 -0.019086925 0.681889236
1754521136926200064.000000 0.244834200 3.386534452 0.024169946 -0.725197852 0.043684948 -0.025044704 0.686696827
1754521137459671808.000000 0.248909950 3.390659809 0.019346353 -0.731101990 0.043653075 -0.012284231 0.680759490
1754521137959799552.000000 0.244444072 3.389782190 0.017105246 -0.733791530 0.042285036 -0.012635718 0.677939773
1754521138493249536.000000 0.242336273 3.374381542 0.018965950 -0.720061660 0.041652501 -0.011421856 0.692564666
1754521138993360896.000000 0.238765776 3.368788719 0.020071452 -0.713332415 0.037512626 -0.010978174 0.699735165
1754521139493481728.000000 0.236573115 3.372146845 0.023245057 -0.709425747 0.036018133 -0.005108955 0.703840673
1754521139993601792.000000 0.238916993 3.367320299 0.023989968 -0.711251736 0.038466699 -0.021709654 0.701548338
1754521140493719296.000000 0.230297834 3.375852346 0.022090062 -0.714888692 0.019007390 -0.010750188 0.698897243
1754521140993834752.000000 0.229014918 3.374765158 0.022005726 -0.713658094 0.006408837 -0.016582599 0.700268686
1754521141527282688.000000 0.228924289 3.381102324 0.022674285 -0.715806961 0.012772882 -0.011342366 0.698089361
1754521142060769280.000000 0.224822760 3.374125242 0.023968242 -0.712607384 0.004082343 -0.009462033 0.701487422
1754521142594354688.000000 0.233955681 3.378626823 0.021567298 -0.718835235 0.015122810 -0.005372255 0.694995284
1754521143127882752.000000 0.234540045 3.380352497 0.019529076 -0.722351849 0.018866960 -0.009871553 0.691197813
1754521143627983360.000000 0.234431311 3.376098394 0.018139467 -0.721818328 0.024066417 -0.010537850 0.691583753
1754521144128084224.000000 0.232499719 3.369309902 0.016507629 -0.722051382 0.024846178 -0.010163168 0.691318452
1754521144628184832.000000 0.226514846 3.368396997 0.016313113 -0.723281860 0.024820991 -0.012629277 0.689991236
1754521145128284672.000000 0.227749094 3.362590551 0.015672898 -0.720275819 0.033379834 -0.016234091 0.692694008
1754521145628383488.000000 0.228667542 3.371745348 0.013209813 -0.725809574 0.032363292 -0.018000577 0.686898172
1754521146161827840.000000 0.230556667 3.373634338 0.012194868 -0.725468516 0.041327227 -0.028663654 0.686415315
1754521146661938432.000000 0.229298100 3.377903461 0.013300434 -0.724942446 0.029261699 -0.022192255 0.687829733
1754521147195388928.000000 0.232394338 3.371497393 0.013788120 -0.723078310 0.027910419 -0.022294780 0.689841926
1754521147728837376.000000 0.230741262 3.363768578 0.013998411 -0.722499251 0.025434371 -0.020202350 0.690608323
1754521148228942336.000000 0.233730286 3.356931210 0.014517985 -0.721461296 0.024382109 -0.018327294 0.691782653
1754521148729043456.000000 0.238647074 3.361776352 0.013220210 -0.722990930 0.020807467 -0.014458695 0.690392733
1754521149262494976.000000 0.239974633 3.365909576 0.014376816 -0.725215197 0.018666303 -0.010619633 0.688187361
1754521149762610944.000000 0.231659189 3.370353222 0.014757019 -0.726655006 0.014658739 -0.014375634 0.686695755
1754521150262721280.000000 0.229413688 3.369631767 0.013217237 -0.726258218 0.009903951 -0.013665614 0.687214851
1754521150762829056.000000 0.229443267 3.366874933 0.012058000 -0.725269020 0.010450314 -0.011998166 0.688281775
1754521151296277760.000000 0.230420664 3.370725155 0.011949472 -0.728754282 0.009447329 -0.011559404 0.684612572
1754521151796385536.000000 0.232538328 3.369643688 0.012737322 -0.730736971 0.008113946 -0.011653655 0.682511508
1754521152296497920.000000 0.235825077 3.366221666 0.012739158 -0.730156839 0.009759863 -0.010145173 0.683134615
1754521152829953536.000000 0.240167096 3.366609812 0.011993137 -0.731138527 0.013209962 -0.008796125 0.682044446
1754521153363414272.000000 0.248818040 3.373326063 0.011162901 -0.731452465 0.013446384 -0.008360839 0.681708574
1754521153896876544.000000 0.273791641 3.416820049 0.007720870 -0.742944419 0.003819312 0.002436748 0.669337869
1754521154430321408.000000 0.238774925 3.555719137 -0.001507515 -0.747324228 0.012256220 -0.004309878 0.664332509
1754521154963764992.000000 0.156116992 3.766167641 0.006552223 -0.748318911 0.053912610 -0.039224248 0.659980237
1754521155463881216.000000 0.145371839 4.020437241 -0.002410479 -0.748370528 0.055163246 -0.024877772 0.660514772
1754521155963997184.000000 0.153453201 4.289459705 0.012146574 -0.747842193 0.037898410 -0.008169415 0.662743628
1754521156464111872.000000 0.103039227 4.566585064 0.009773652 -0.717992723 0.056439254 -0.022979937 0.693377972
1754521156964224512.000000 0.073671676 4.838214874 0.019251410 -0.711029112 0.079148583 -0.048372116 0.697017431
1754521157464326400.000000 0.135324955 5.175993919 0.021170780 -0.698348224 0.059678342 -0.014782998 0.713112712
1754521157997778176.000000 0.117663428 5.500416756 0.008348282 -0.716276169 0.030448966 -0.012097755 0.697047353
1754521158497947648.000000 0.072915442 5.798412800 0.017709602 -0.721951127 0.048718546 -0.031403534 0.689512074
1754521158998115840.000000 0.103490844 6.099504948 -0.003217625 -0.730026245 0.054416209 -0.025375556 0.680776536
1754521159531572224.000000 0.127803162 6.411664486 0.015106109 -0.731235802 0.019517822 -0.000721574 0.681845188
1754521160031690752.000000 0.073116779 6.689023018 0.011161300 -0.724179447 0.059928875 -0.044609182 0.685552895
1754521160531821824.000000 0.048659880 6.957120895 0.009772516 -0.722280979 0.140655011 -0.111156113 0.667960167
1754521161031949312.000000 0.098124489 7.226923943 0.002076609 -0.705951035 0.161680207 -0.119213931 0.679176569
1754521161532062464.000000 0.121086277 7.481889725 0.001517540 -0.725106597 0.191191614 -0.148747280 0.644624233
1754521162032175360.000000 0.113814957 7.738446712 0.001549880 -0.688635528 0.287683338 -0.220081002 0.628159046
1754521162532286976.000000 0.190439731 7.955910683 -0.011780844 -0.667201638 0.359530389 -0.276773185 0.590742409
1754521163032401152.000000 0.368588001 8.162147522 -0.006997759 -0.651260793 0.377855331 -0.284507811 0.593413830
1754521163532521984.000000 0.525083125 8.349012375 -0.016944569 -0.643800199 0.406908154 -0.322151840 0.562285721
1754521164032640768.000000 0.700118423 8.539511681 -0.006137433 -0.593284786 0.455320776 -0.373274505 0.548964798
1754521164532752640.000000 0.902751267 8.645789146 -0.016060282 -0.581008613 0.497353137 -0.395264149 0.508758307
1754521165032867072.000000 1.156302214 8.691915512 -0.006332405 -0.574565232 0.475411266 -0.399756044 0.532967210
1754521165532993536.000000 1.408658743 8.782563210 -0.020458715 -0.583346188 0.487366885 -0.404955626 0.508125722
1754521166033120000.000000 1.678309202 8.900225639 -0.006199168 -0.534732759 0.521670580 -0.459024459 0.480850577
1754521166533240320.000000 1.976588488 8.919926643 -0.027246391 0.519103050 -0.559563160 0.455713689 -0.457980543
1754521167033359360.000000 2.279514313 8.928314209 -0.008119270 0.537313998 -0.540628374 0.446180850 -0.468974859
1754521167533470464.000000 2.572485685 8.998178482 -0.027689969 -0.539474964 0.535733342 -0.461000502 0.457640886
1754521168066923520.000000 2.880462170 9.047247887 -0.014145616 0.523439705 -0.566511810 0.467753559 -0.431603700
1754521168600381440.000000 3.171313763 9.029812813 -0.004329048 0.522307515 -0.545954347 0.471059024 -0.455227584
1754521169100497920.000000 3.409566641 9.022550583 -0.005080508 -0.535127640 0.533295035 -0.467217594 0.459284842
1754521169600614912.000000 3.656558752 9.062197685 -0.008320961 0.512330592 -0.551237166 0.486202002 -0.444142640
1754521170134071808.000000 3.901732922 9.097323418 -0.018556247 0.515372217 -0.558134913 0.490214437 -0.427278340
1754521170634184960.000000 4.122838020 9.125178337 -0.005180841 -0.534183085 0.519262254 -0.481571019 0.461632490
1754521171134303744.000000 4.267584801 9.192739487 0.001206994 0.531078994 -0.539394140 0.469867527 -0.454129636
1754521171634431744.000000 4.358947754 9.308602333 0.000621652 0.518248260 -0.569290638 0.475748628 -0.425429314
1754521172134559744.000000 4.417687416 9.385972023 -0.006806049 0.511527777 -0.586322665 0.501341403 -0.378446698
1754521172634686720.000000 4.440774441 9.402267456 -0.005682252 0.482285053 -0.605393350 0.518332064 -0.363637269
1754521173134808320.000000 4.434754848 9.405069351 -0.007502206 0.476578116 -0.607203662 0.525541425 -0.357747585
1754521173668261888.000000 4.432409763 9.373735428 -0.007053418 0.484176606 -0.601943195 0.511607528 -0.376158476
1754521174168379904.000000 4.459089756 9.302314758 -0.007591235 0.526574433 -0.568181813 0.480814248 -0.410738885
1754521174668504064.000000 4.516900063 9.202008247 -0.008833315 -0.563269317 0.533175409 -0.435659885 0.456784636
1754521175168622080.000000 4.645972252 9.220254898 -0.013492195 -0.642584860 0.457622260 -0.352213085 0.503599465
1754521175668733952.000000 4.828150272 9.284452438 -0.012832480 -0.654758215 0.409571767 -0.365602046 0.519497633
1754521176002143232.000000 4.953073502 9.280584335 -0.017513433 -0.624677420 0.460498989 -0.392589927 0.493550390
1754521176402239744.000000 5.126479149 9.216214180 -0.024394387 -0.570664823 0.522241890 -0.423109323 0.471787781
1754521176835678720.000000 5.344092369 9.174036026 -0.008196922 -0.581778526 0.500519872 -0.414318681 0.489237934
1754521177335799552.000000 5.556103706 9.179409027 -0.016458513 -0.582018435 0.517814100 -0.410718352 0.473744273
1754521177802578688.000000 5.751893997 9.226484299 -0.005957214 0.547948301 -0.550524473 0.439128786 -0.451488078
1754521178302700032.000000 5.957080841 9.220248222 -0.011793830 0.506266475 -0.591901124 0.459566802 -0.426785320
1754521178702796800.000000 6.172999859 9.188849449 -0.012346692 0.501902938 -0.585061967 0.454956621 -0.445881546
1754521179069550848.000000 6.354285717 9.189047813 -0.009513067 0.512250245 -0.588922679 0.449821442 -0.434085906
1754521179569668096.000000 6.624636650 9.222674370 -0.008640107 0.448716491 -0.626914740 0.501891673 -0.392091990
1754521180069783808.000000 6.861047268 9.192747116 -0.017966272 0.367957473 -0.695589483 0.530888617 -0.314515531
1754521180569896704.000000 7.127954483 9.116951942 -0.014334876 0.347072363 -0.689561427 0.533848286 -0.345038831
1754521180903304448.000000 7.305258751 9.081328392 -0.013350941 0.368996143 -0.697635829 0.522878110 -0.322094262
1754521181203374848.000000 7.440649509 9.049884796 -0.028023785 0.307396978 -0.734460294 0.537132800 -0.278502554
1754521181703492864.000000 7.675325871 9.014683723 -0.012487136 0.176000923 -0.767807007 0.585548162 -0.191388309
1754521182070248960.000000 7.794656277 8.935453415 -0.021341110 0.117107548 -0.785195291 0.592633724 -0.136159778
1754521182437010432.000000 7.883892059 8.796147346 -0.024191074 0.090070195 -0.777975440 0.597489238 -0.172186553
1754521182803771392.000000 7.986113548 8.667900085 -0.015071759 0.080752969 -0.779248536 0.604392707 -0.144776702
1754521183303894016.000000 8.112994194 8.477334023 -0.026792301 0.027187577 -0.784228444 0.615545571 -0.073145963
1754521185771126272.000000 8.186500549 7.301653385 -0.009133909 -0.076926172 -0.774775028 0.626976013 0.026592122
1754521186704684288.000000 8.143022537 6.789358616 -0.001060484 -0.042613812 -0.759557307 0.649043024 0.000155687
1754521187638252288.000000 8.203151703 6.247564793 -0.003172861 -0.085743025 -0.751946688 0.652589202 0.036762916
1754521188471786752.000000 8.128310204 5.812610626 -0.000673318 -0.056828532 -0.749377310 0.659699321 0.000981107
1754521188971904512.000000 8.165532112 5.565710545 -0.009856945 -0.034468349 -0.751379490 0.658948183 0.005295931
1754521190305553920.000000 8.165022850 4.788630962 -0.001853622 -0.057228021 -0.740655839 0.669422448 0.005254560
1754521190772331776.000000 8.193347931 4.520148277 -0.016328983 -0.035664063 -0.756102979 0.653455436 0.005690217
1754521191605857280.000000 8.234010696 4.067236423 -0.014018197 -0.083191611 -0.758112609 0.645817339 0.035557155
1754521192005948672.000000 8.193143845 3.840481997 -0.017478537 -0.078192525 -0.749870360 0.656877875 0.009586716
1754521192439380736.000000 8.203551292 3.592324257 -0.008259997 -0.013589918 -0.765569687 0.642640054 -0.027058117
1754521192839471104.000000 8.255713463 3.371436834 -0.023971079 -0.016110620 -0.766151011 0.642287731 -0.014816251
1754521194206460672.000000 8.235039711 2.668579340 -0.011440920 -0.077885889 -0.761774659 0.642808199 0.020753486
1754521194606558208.000000 8.256878853 2.491924524 -0.024280448 -0.094309293 -0.778600097 0.618312001 0.050774924
1754521195039995904.000000 8.319421768 2.295060158 -0.027302181 -0.138557270 -0.771940589 0.613209605 0.094253123
1754521197640622592.000000 8.448442459 1.917607069 -0.166301906 -0.281774193 -0.736127734 0.522012591 0.325917453
1754521198540834816.000000 8.405313492 1.924770474 -0.123544738 -0.291126668 -0.742188454 0.512422025 0.319100827
1754521200177021952.000000 7.889799118 1.757354617 -0.023237202 -0.358863652 -0.701924443 0.555533171 0.264389634
1754521201943640576.000000 7.229922295 1.214585185 -0.018215816 -0.438442349 -0.643300474 0.536514878 0.325706363
1754521202876967680.000000 6.851231575 0.925304532 -0.023016090 -0.508926570 -0.572377384 0.507151365 0.395190299
1754521203743630080.000000 6.347213268 0.802434862 -0.027571328 -0.498118311 -0.580544829 0.518162131 0.382562310
1754521204143625984.000000 6.128811359 0.730852604 -0.048064440 -0.525515974 -0.568337798 0.487574369 0.403851867
1754521204676952320.000000 5.824676991 0.633153677 -0.033483054 -0.568879485 -0.520786107 0.435705006 0.464024842
1754521205076946432.000000 5.599195004 0.630972385 -0.048751734 -0.581294298 -0.509378731 0.446853906 0.450501949
1754521205476949760.000000 5.353737831 0.632113993 -0.026281949 -0.563795090 -0.513147533 0.470707864 0.444127113
1754521205910276352.000000 5.119395733 0.577802300 -0.040688924 -0.557081938 -0.528161526 0.462206453 0.443926066
1754521206310276096.000000 4.896275520 0.497750491 -0.028888393 -0.557016551 -0.509953320 0.448672742 0.477883846
1754521206710267136.000000 4.712079048 0.485511363 -0.030018071 -0.580276132 -0.500510871 0.433607548 0.474081069
1754521207110261248.000000 4.511065960 0.520220697 -0.038076706 -0.572616994 -0.485720783 0.465140939 0.468859404
1754521207476928512.000000 4.307407856 0.543522298 -0.019475557 -0.564762831 -0.495301336 0.466298014 0.467210650
1754521208010253568.000000 4.035600662 0.493122786 -0.033157434 -0.575168133 -0.493290514 0.430035710 0.490831465
1754521208443587840.000000 3.803191185 0.438313395 -0.017698346 -0.592096448 -0.466651827 0.407889456 0.515057385
1754521208843578624.000000 3.592763424 0.463019013 -0.031422921 -0.610202432 -0.462976277 0.404189438 0.499936998
1754521209243580416.000000 3.364736557 0.510752082 -0.019907957 -0.594157457 -0.472547621 0.431878477 0.486987442
1754521209643578112.000000 3.179223299 0.505183876 -0.016514925 -0.580104232 -0.506634712 0.436823875 0.464742213
1754521210110237952.000000 2.973370314 0.434173375 -0.019688092 -0.588126540 -0.474312037 0.419371665 0.503252029
1754521210510231552.000000 2.790918827 0.378754020 -0.012437458 -0.611357033 -0.449667424 0.396432310 0.516607404
1754521210843552768.000000 2.644324780 0.386812061 -0.018757138 -0.622648060 -0.438323945 0.392545462 0.515838802
1754521211277695744.000000 2.439002752 0.434987575 -0.009698949 -0.631614745 -0.394772291 0.399111062 0.534722388
1754521211645299712.000000 2.266424179 0.450468004 -0.010072272 -0.655044496 -0.393077075 0.367793411 0.530221820
1754521212012751616.000000 2.087446213 0.423050195 -0.018415658 -0.666448951 -0.360645384 0.334227324 0.560422003
1754521212445985024.000000 1.870684147 0.403688133 -0.004541704 -0.690981507 -0.296052366 0.288779438 0.592877805
1754521212945843712.000000 1.666567564 0.470426798 -0.019156843 -0.714539945 -0.263888359 0.254424661 0.595872164
1754521213445730560.000000 1.476173520 0.580840528 -0.007738907 -0.707968593 -0.256538123 0.258507341 0.605097234
