1754404365759819264.000000 0.037191328 -0.046148077 0.004731929 -0.670289099 0.033275809 -0.007953429 0.741310954
1754404366293138176.000000 0.034631066 -0.042978793 0.003001312 -0.670661986 0.031476069 -0.004129884 0.741083562
1754404366859784960.000000 -0.015303418 0.015738552 0.001224607 -0.683162808 0.013393939 -0.007080611 0.730108976
1754404367126447360.000000 -0.043307494 0.052529428 -0.004720830 -0.691772163 0.023077201 -0.007108775 0.721712053
1754404367393105408.000000 -0.048304584 0.103216872 -0.008042391 -0.694262624 0.029896811 -0.000900411 0.719099998
1754404367659760640.000000 -0.043952428 0.195690408 -0.018799625 -0.701934040 0.003694267 0.031200338 0.711548686
1754404368593062656.000000 -0.154446036 0.589964926 -0.005359951 -0.663133383 -0.177303061 0.216130331 0.694338143
1754404368759726080.000000 -0.235426426 0.616693974 -0.014877081 -0.658540547 -0.187901631 0.217249632 0.695571661
1754404368993058560.000000 -0.355859220 0.655895531 -0.007875232 -0.662002146 -0.176961288 0.206828043 0.698326588
1754404369159721728.000000 -0.426254719 0.691414893 -0.008853229 -0.667895615 -0.160417736 0.196739674 0.699624956
1754404369393048320.000000 -0.510157466 0.759910643 -0.011994556 -0.677152932 -0.138768911 0.183843493 0.698862433
1754404369626370816.000000 -0.583428204 0.857287526 -0.026251115 -0.671580672 -0.134671077 0.203542754 0.699580967
1754404371392998912.000000 -1.208538055 1.461004376 -0.036563456 -0.744102597 0.076889075 -0.030889116 0.662906706
1754404371426331392.000000 -1.212234378 1.475586772 -0.038668610 -0.744400799 0.079736494 -0.030109793 0.662271082
1754404371692989952.000000 -1.238636374 1.593887091 -0.031288341 -0.737192094 0.109015577 -0.031839065 0.666070461
1754404371926320384.000000 -1.286949039 1.685802460 -0.027546780 -0.733639956 0.117374279 -0.057653315 0.666837275
1754404372159648512.000000 -1.343439221 1.778590560 -0.026539583 -0.731984794 0.136858791 -0.108149745 0.658613384
1754404372392972544.000000 -1.409939647 1.878077149 -0.031843524 -0.724602103 0.164109662 -0.158728555 0.650250077
1754404372726291712.000000 -1.519572258 2.036299706 -0.025156111 -0.722366452 0.165979341 -0.172985658 0.648624361
1754404373092953088.000000 -1.551808238 2.217124701 -0.032752901 -0.733057022 0.166884840 -0.173008963 0.636274219
1754404373326277376.000000 -1.527598143 2.332905293 -0.041698560 -0.728966951 0.170482665 -0.148755014 0.646076500
1754404373592929792.000000 -1.501173258 2.473242283 -0.032150887 -0.726239264 0.152787462 -0.120831750 0.659266412
1754404374059595264.000000 -1.524811983 2.730028152 -0.043057721 -0.752958953 0.130221009 -0.106760673 0.636158466
1754404374259593216.000000 -1.568935513 2.834518671 -0.049449902 -0.751375318 0.146461084 -0.131394625 0.629856884
1754404374559584256.000000 -1.634960890 2.993999720 -0.040583536 -0.754367054 0.165521368 -0.146012068 0.618234217
1754404374792912128.000000 -1.655383587 3.118551254 -0.048204377 -0.773005605 0.153227642 -0.133271739 0.601017714
1754404375059570176.000000 -1.650771976 3.256005764 -0.060325131 -0.775469720 0.126985103 -0.088471331 0.612122893
1754404375292892928.000000 -1.641680241 3.385234118 -0.046249747 -0.763259232 0.099975407 -0.042142011 0.636917830
1754404375626203648.000000 -1.678520918 3.564798594 -0.041165005 -0.770359039 0.044257525 -0.017257497 0.635838389
1754404376026198272.000000 -1.783482909 3.733917236 -0.049255088 -0.756037354 0.026021674 -0.027947346 0.653413534
1754404376226191872.000000 -1.843983293 3.817597628 -0.037072681 -0.748740315 0.043123387 -0.041139022 0.660178781
1754404376692838656.000000 -1.918003678 4.022343636 -0.039912038 -0.759814322 0.050987151 -0.045333389 0.646550357
1754404376959506944.000000 -1.926050901 4.154940605 -0.051447473 -0.759159148 0.018447677 0.001060523 0.650642812
1754404379192841984.000000 -2.442401171 5.013910294 -0.024029728 -0.663480163 -0.313277990 0.311350256 0.603913903
1754404379526163456.000000 -2.537235737 5.103312492 -0.023079850 -0.649049103 -0.361057609 0.347315699 0.572489798
1754404379826157824.000000 -2.640267611 5.123221397 -0.027684327 -0.628837943 -0.390498787 0.361622542 0.566835761
1754404381861029376.000000 -3.219735146 5.287698269 -0.020644791 -0.505363882 -0.527417481 0.488620907 0.477166444
1754404382361153024.000000 -3.312607527 5.223282337 -0.020608149 -0.477978498 -0.545984328 0.517087340 0.453936547
1754404382627885568.000000 -3.361314535 5.200477600 -0.019608475 -0.447010100 -0.574351788 0.541298568 0.421067685
1754404383428079616.000000 -3.524668455 5.184587955 -0.023826741 -0.319548219 -0.652232766 0.617465138 0.302023500
1754404384495009280.000000 -3.513277292 5.010932922 -0.025454151 -0.190877095 -0.704806626 0.657737553 0.184918895
1754404384761742592.000000 -3.508973598 4.955941200 -0.029276727 -0.169222385 -0.722167134 0.650894225 0.161787763
1754404386895599616.000000 -3.330163479 4.402092457 -0.057213519 0.000931731 -0.800435781 0.597829998 0.043600045
1754404387162334464.000000 -3.296628475 4.320050240 -0.059238564 0.004763628 -0.805606604 0.591418624 0.034631766
1754404387662461952.000000 -3.304363966 4.129302025 -0.050982237 0.011708047 -0.786428392 0.617229998 -0.020507220
1754404387962536704.000000 -3.275310040 4.014992237 -0.047562622 0.042197794 -0.785665154 0.616371155 -0.032190945
1754404388462662656.000000 -3.152108431 3.853279352 -0.054465137 0.040666852 -0.783805192 0.619464755 -0.016097439
1754404390363124224.000000 -2.981879711 3.037889957 -0.058810785 -0.089841165 -0.797704995 0.593420327 0.058716975
1754404392196882944.000000 -2.918369055 2.198204756 -0.047053270 0.043683637 -0.792814612 0.606695890 -0.038167648
1754404392463611392.000000 -2.847483397 2.102454424 -0.051075555 0.079869255 -0.781400204 0.617717862 -0.038201343
1754404392730339584.000000 -2.776087523 2.016505957 -0.041250076 0.100962505 -0.770399868 0.627176940 -0.054218367
1754404393063751168.000000 -2.703056812 1.921440840 -0.044581465 0.155497551 -0.767377496 0.614771485 -0.094912231
1754404393330479360.000000 -2.651299715 1.824958205 -0.056132767 0.202598497 -0.761151373 0.599502802 -0.142122254
1754404393630548736.000000 -2.597155571 1.698235154 -0.047584925 0.237641796 -0.741051555 0.595495641 -0.199384168
1754404393997307648.000000 -2.490445137 1.589597225 -0.052954063 0.300437778 -0.736311555 0.562372029 -0.226539463
1754404394330724352.000000 -2.362370014 1.560184121 -0.061225772 0.344115108 -0.720388949 0.549164712 -0.247068375
1754404394630799104.000000 -2.219530582 1.547239423 -0.060884774 0.338588119 -0.715123713 0.556202054 -0.254156351
1754404395064238080.000000 -2.046469927 1.500375867 -0.049957350 0.308939129 -0.726141632 0.562035978 -0.247771144
1754404395430993664.000000 -1.915758491 1.411696076 -0.054895908 0.303667337 -0.715798736 0.568741441 -0.268237978
1754404395764408576.000000 -1.764668107 1.298811793 -0.045560546 0.333018452 -0.706393063 0.554381967 -0.287694693
1754404396131163904.000000 -1.616153479 1.232581973 -0.042647593 0.363491476 -0.694595695 0.548274100 -0.291215181
1754404396464577792.000000 -1.454918146 1.204270840 -0.046827003 0.357383400 -0.695396960 0.560039580 -0.273963481
1754404396731307264.000000 -1.323915958 1.190956593 -0.037653521 0.326310635 -0.701556146 0.580371797 -0.253986329
1754404397098059264.000000 -1.172336221 1.158604145 -0.038316250 0.319559336 -0.708553731 0.584021389 -0.233992428
1754404397464809472.000000 -1.020765305 1.077222705 -0.048695229 0.319157660 -0.714222968 0.579561770 -0.228324711
1754404397731535360.000000 -0.910309434 1.009354353 -0.040074676 0.322789133 -0.714113235 0.575944185 -0.232675478
1754404398064940032.000000 -0.782776594 0.957346439 -0.040184420 0.316181064 -0.725821614 0.573129296 -0.211507559
1754404398264983040.000000 -0.711214721 0.938463867 -0.040836863 0.264712512 -0.739490569 0.592430532 -0.179184601
1754404398765089536.000000 -0.546471715 0.937604427 -0.017877523 0.074199580 -0.744218111 0.658627331 -0.082728259
1754404399265199616.000000 -0.459471524 0.878511786 -0.018464090 0.011075263 -0.722023010 0.690513909 -0.041842379
1754404399765310720.000000 -0.411318690 0.743449807 -0.020125756 0.018615082 -0.735031724 0.676151454 -0.046916738
1754404401768313856.000000 -0.125530347 0.722669244 -0.033510529 -0.040428057 -0.770861804 0.632847607 0.060345624
1754404404434950912.000000 -0.144957513 1.038143396 -0.022789162 -0.117580004 -0.746798217 0.645430923 0.109024808
1754404404801615616.000000 -0.217360139 1.014201164 -0.020969303 -0.202836618 -0.730353951 0.627040982 0.179610983
1754404405668276992.000000 -0.386464685 0.822784543 -0.016097516 -0.371876389 -0.636301577 0.583612978 0.340916604
1754404406034946048.000000 -0.488163382 0.796117544 -0.020497043 -0.454338789 -0.593760908 0.526117861 0.405245960
1754404406501604096.000000 -0.651467443 0.857852519 -0.023873154 -0.484527081 -0.573285282 0.519680500 0.408055991
1754404406734933504.000000 -0.733787835 0.891745269 -0.022227082 -0.485758245 -0.571552098 0.521381676 0.406851709
1754404407134937088.000000 -0.857286274 0.912364066 -0.026319727 -0.498693436 -0.579171658 0.510040879 0.394617975
1754404407401600256.000000 -0.936587334 0.904354334 -0.034467325 -0.552600563 -0.531402946 0.471945971 0.435328186
1754404407901596928.000000 -1.094614148 0.858293056 -0.027605874 -0.664974153 -0.363200635 0.341481298 0.556134224
1754404408134930688.000000 -1.156279683 0.866266429 -0.035312850 -0.714849234 -0.272022724 0.259465694 0.589637041
1754404408434925312.000000 -1.217111826 0.928769112 -0.043543238 -0.739090860 -0.208261833 0.207383707 0.606105328
1754404410201581056.000000 -1.589799762 1.425981522 -0.029793248 -0.756789267 0.112347439 -0.079336293 0.639025748
1754404410734906112.000000 -1.570414305 1.621528506 -0.039329909 -0.751919687 0.167472839 -0.104163677 0.629062533
1754404411301558016.000000 -1.536876798 1.867294073 -0.037768424 -0.757113099 0.208772689 -0.178043082 0.592869580
1754404411634872832.000000 -1.581620097 2.027978897 -0.057131082 -0.762503803 0.240850896 -0.246187031 0.547695994
1754404412068198656.000000 -1.660402417 2.217641115 -0.034107432 -0.719239950 0.301518738 -0.314857990 0.540966511
1754404412601509888.000000 -1.644200087 2.433871031 -0.045224041 -0.719703913 0.282256782 -0.288595974 0.564862669
1754404413101512448.000000 -1.597940922 2.672415257 -0.030683292 -0.715046763 0.253113002 -0.276603490 0.590027511
1754404413568173056.000000 -1.635110021 2.887221813 -0.042428993 -0.717759252 0.236981064 -0.270558953 0.596204340
1754404414068166144.000000 -1.716183186 3.122900009 -0.026229881 -0.697568178 0.264502853 -0.286217242 0.601262510
1754404414534814976.000000 -1.707705975 3.338101387 -0.040185966 -0.707929730 0.241308987 -0.235757247 0.620503008
1754404415101470208.000000 -1.724351406 3.628246546 -0.032275576 -0.733745873 0.161963314 -0.168568283 0.637941718
1754404415668113408.000000 -1.878203392 3.859500408 -0.031112192 -0.721959710 0.176389620 -0.169474214 0.647255301
1754404416068108800.000000 -1.970971465 4.008623600 -0.025631219 -0.708972156 0.232380211 -0.225606129 0.626466155
1754404416634752512.000000 -1.971043706 4.247656822 -0.037295863 -0.706113994 0.250273824 -0.201505959 0.631000280
1754404417135401984.000000 -2.009464741 4.466810226 -0.022955999 -0.713126779 0.211202428 -0.178055659 0.644313574
1754404417669592320.000000 -2.210364103 4.621294022 -0.025808409 -0.702777743 0.168098435 -0.158414543 0.672867894
1754404418169715456.000000 -2.364901304 4.763653755 -0.024461042 -0.712614775 0.160245880 -0.159823507 0.664046645
1754404418569814016.000000 -2.433338404 4.940156937 -0.037306696 -0.747937560 0.104090355 -0.106902771 0.646781683
1754404418969911808.000000 -2.521781445 5.167801380 -0.048994277 -0.804448009 0.023397330 -0.027100660 0.592943192
1754404419336669184.000000 -2.671057701 5.305238724 -0.100267202 -0.850738108 0.002605568 -0.020501176 0.525183499
1754404422070675200.000000 -3.609362364 5.128362656 -0.030897990 -0.616146505 -0.438846737 0.399430722 0.517911434
1754404422370750464.000000 -3.682522774 5.068680763 -0.028708417 -0.532595754 -0.523797631 0.471292645 0.468893528
1754404422670824960.000000 -3.778695345 5.022587299 -0.026446329 -0.450221688 -0.588577569 0.542361379 0.395880073
1754404423104267520.000000 -3.882459879 4.952322006 -0.021569720 -0.385812104 -0.630738139 0.583255410 0.336350352
1754404423637736448.000000 -3.838253021 4.835040569 -0.024616368 -0.345291466 -0.653743565 0.596579313 0.312228084
1754404424071173632.000000 -3.735781431 4.720990658 -0.023674212 -0.330388546 -0.663736820 0.603719354 0.292950183
1754404424404585728.000000 -3.674693346 4.643945217 -0.026838053 -0.283685803 -0.689957082 0.615601778 0.254000247
1754404426438403072.000000 -3.357019901 4.076097012 -0.042098965 -0.124640323 -0.779607832 0.607284725 0.088779762
1754404426938520064.000000 -3.219706297 3.967965364 -0.044781867 -0.127827704 -0.783760965 0.598321915 0.106722981
1754404428472192512.000000 -2.962811232 3.400742054 -0.033029251 -0.096597411 -0.761166155 0.634600163 0.092616335
1754404431306191104.000000 -2.856068373 2.275993109 -0.042878088 0.021902861 -0.768130779 0.639773548 -0.013606425
1754404431639600896.000000 -2.889105558 2.104676485 -0.035922617 0.070363693 -0.756044805 0.647466421 -0.065057576
1754404432106375168.000000 -2.845007420 1.910435677 -0.038182724 0.176398635 -0.760848999 0.613206983 -0.118192948
1754404432606489600.000000 -2.688702583 1.808726907 -0.040156133 0.213353708 -0.736610472 0.626360357 -0.139849782
1754404433106611200.000000 -2.517040968 1.719453096 -0.039026290 0.228850618 -0.735362232 0.619364619 -0.152503699
1754404433640074496.000000 -2.364453316 1.567515731 -0.046094306 0.310436130 -0.705418110 0.590870678 -0.238509163
1754404433973489408.000000 -2.252335787 1.472317696 -0.033815641 0.369615942 -0.675682545 0.574476600 -0.277153075
1754404434406927360.000000 -2.084570885 1.422005415 -0.044585440 0.416117400 -0.667011917 0.544909537 -0.291573375
1754404434940390656.000000 -1.821458578 1.433731198 -0.041041926 0.368819803 -0.683008313 0.574274898 -0.260153800
1754404435440515328.000000 -1.632153273 1.370144129 -0.045015287 0.334341407 -0.708700120 0.576909840 -0.230510414
1754404435941248768.000000 -1.480638623 1.229650021 -0.039171789 0.304349393 -0.716500878 0.583470047 -0.231431901
1754404436442650624.000000 -1.315150142 1.152448297 -0.045987137 0.280014664 -0.743277550 0.581186295 -0.177067280
1754404436876708352.000000 -1.133713961 1.170938134 -0.040397115 0.230694026 -0.745583951 0.608986318 -0.141494006
1754404437276696576.000000 -0.986030340 1.172388911 -0.040065974 0.234395757 -0.747765303 0.606447160 -0.134638578
1754404437810010112.000000 -0.866894066 1.067481279 -0.046317201 0.299682230 -0.727908850 0.581017196 -0.206780732
1754404438243344896.000000 -0.776225626 0.961040378 -0.037278853 0.387691706 -0.679557562 0.557963073 -0.276719928
1754404438576671232.000000 -0.722838998 0.932065010 -0.035329834 0.453980029 -0.638302028 0.526626825 -0.330358803
1754404438910004224.000000 -0.689795971 0.946143925 -0.028787538 0.502408683 -0.591766357 0.500854790 -0.382808894
1754404439276671232.000000 -0.669182122 0.964109898 -0.031212432 0.533630669 -0.557186007 0.475629687 -0.422561854
1754404439643329024.000000 -0.656709313 0.949618876 -0.027922096 -0.579625130 0.503658950 -0.438848317 0.466663301
1754404439943324928.000000 -0.640439332 0.901430905 -0.027284032 -0.619180143 0.450945616 -0.400347501 0.502977073
1754404440276648704.000000 -0.634820640 0.837413013 -0.029078141 -0.638849080 0.424998939 -0.374221444 0.520774484
1754404440809960192.000000 -0.663646996 0.796555400 -0.032351032 -0.667352021 0.385805547 -0.337550908 0.540235817
1754404441143286272.000000 -0.720893025 0.815408707 -0.031561777 -0.685683489 0.360412925 -0.317419529 0.546978593
1754404441443274496.000000 -0.774049878 0.834305882 -0.034728214 -0.706069887 0.332841277 -0.286268830 0.555636823
1754404441776594688.000000 -0.814273179 0.850180686 -0.044558987 -0.745099306 0.275159657 -0.234062061 0.560650647
1754404442076595200.000000 -0.831497371 0.847598672 -0.052737862 -0.782991409 0.187658101 -0.178758413 0.565468311
1754404442309926144.000000 -0.826896489 0.836916268 -0.057288583 -0.798835814 0.151127607 -0.152272150 0.561992049
1754404442576584960.000000 -0.825235367 0.832595050 -0.063366562 -0.817594230 0.116520889 -0.129267693 0.548864543
1754404442809914880.000000 -0.841317475 0.837693512 -0.066749759 -0.828160107 0.100639343 -0.121957354 0.537725806
1754404443043245312.000000 -0.874720991 0.854836464 -0.071378380 -0.833059549 0.109462447 -0.131879911 0.525963306
1754404443376569600.000000 -0.968631983 0.880355000 -0.068685472 -0.826856911 0.145805791 -0.147663429 0.522727370
1754404443643224832.000000 -1.059235811 0.904077172 -0.067069270 -0.822378159 0.150231212 -0.149027064 0.528124809
1754404443876553728.000000 -1.122869849 0.937610924 -0.067746937 -0.822224200 0.115923725 -0.127775133 0.542385995
1754404444176547328.000000 -1.175840616 1.013444543 -0.064967893 -0.818540871 0.073860414 -0.091579169 0.562271118
1754404444409870848.000000 -1.207134724 1.103693485 -0.058521800 -0.807542741 0.047636591 -0.057167303 0.585096121
1754404445743164416.000000 -1.534550548 1.621837616 -0.055220440 -0.801750243 0.046029929 -0.053211454 0.593503475
1754404446276489216.000000 -1.524200559 1.846631408 -0.056745503 -0.783538163 0.102312520 -0.078638688 0.607796073
1754404446809807616.000000 -1.498627543 2.091876030 -0.046461795 -0.786634684 0.109585792 -0.091550820 0.600679100
1754404447343144960.000000 -1.617880106 2.298838377 -0.042840268 -0.757233083 0.165100157 -0.171852380 0.608117342
1754404447909808640.000000 -1.692016840 2.522060394 -0.040850129 -0.745350659 0.218062699 -0.223476782 0.589032471
1754404448443139584.000000 -1.688977003 2.770339012 -0.040331148 -0.750455499 0.169182628 -0.148120090 0.621493578
1754404449009805568.000000 -1.784261107 3.014548063 -0.043435395 -0.771946192 0.114921995 -0.130570129 0.611427426
1754404449509803264.000000 -1.965325117 3.164811373 -0.029195169 -0.746029735 0.169719100 -0.191231549 0.614870429
1754404450009803520.000000 -2.068867445 3.319457531 -0.041192573 -0.768819809 0.133247480 -0.172890753 0.601057470
1754404450543130624.000000 -2.097888470 3.518724918 -0.048774421 -0.781992257 0.074654430 -0.083151937 0.613188982
1754404453244773120.000000 -2.742329121 4.323319912 -0.043341041 -0.780075550 -0.098762184 0.031162316 0.617055118
1754404456012131328.000000 -2.995121956 4.600738049 -0.021920357 -0.726518810 -0.082462609 0.052729964 0.680139601
1754404458546057984.000000 -3.102457285 4.594073772 -0.031055786 -0.742563426 -0.071827129 0.026033230 0.665404201
1754404461413397760.000000 -3.811625957 4.383408546 -0.038764510 -0.780969441 -0.067220651 0.005301314 0.620918691
1754404463880643584.000000 -3.807949066 4.280572891 -0.032652259 -0.755412698 -0.052709322 0.004417249 0.653110921
1754404466481283072.000000 -3.810490608 4.280000210 -0.028853420 -0.744972706 -0.023495371 -0.014886457 0.666514874
1754404469081905664.000000 -3.812769413 4.281753063 -0.030657932 -0.750410676 -0.013680020 -0.022029839 0.660463035
1754404469615358464.000000 -3.813818216 4.267960548 -0.030270785 -0.743398845 -0.013128249 -0.025156232 0.668246210
1754404470116483328.000000 -3.813760519 4.265848637 -0.030750785 -0.744155109 -0.008767665 -0.027674524 0.667375803
1754404470617920768.000000 -3.816064358 4.268939018 -0.030996475 -0.747014225 -0.014075025 -0.027933151 0.664071798
1754404471118185984.000000 -3.817069769 4.271780968 -0.032043293 -0.749616683 -0.013856704 -0.028407071 0.661117136
1754404471651514112.000000 -3.815603971 4.274827480 -0.033743411 -0.752535641 -0.013516746 -0.027839867 0.657824039
1754404472218172416.000000 -3.813879490 4.278855324 -0.033470396 -0.755275667 -0.014069603 -0.026554247 0.654718041
1754404472751484416.000000 -3.815508842 4.278457165 -0.033767436 -0.755729556 -0.014819157 -0.027288469 0.654147208
1754404473251491328.000000 -3.816323996 4.280061245 -0.034863830 -0.757403195 -0.015085165 -0.028234985 0.652162313
1754404473784818688.000000 -3.816093206 4.279039860 -0.034940407 -0.756936371 -0.015879940 -0.027676849 0.652709186
1754404474351470592.000000 -3.816868305 4.276279926 -0.034276765 -0.756392598 -0.016616978 -0.027014740 0.653348625
1754404474884785408.000000 -3.814027548 4.276768684 -0.034508768 -0.757824838 -0.013776621 -0.026705988 0.651765704
1754404475451442176.000000 -3.812462330 4.276589870 -0.034415741 -0.758616507 -0.012940599 -0.025527243 0.650908530
1754404475984763136.000000 -3.813006163 4.274596691 -0.034545083 -0.757858932 -0.013293868 -0.025847998 0.651770651
1754404476551411456.000000 -3.814946175 4.270945072 -0.034764223 -0.755633116 -0.014227436 -0.026022285 0.654323459
1754404477084734720.000000 -3.813493252 4.271721840 -0.034300011 -0.757530630 -0.013037115 -0.026567804 0.652128577
1754404477618048768.000000 -3.812913895 4.269220829 -0.034751087 -0.757495999 -0.012629706 -0.026394516 0.652183831
1754404478184708608.000000 -3.813201189 4.269935608 -0.034300689 -0.758576930 -0.011901206 -0.028018821 0.650871933
1754404478751357440.000000 -3.816678047 4.277232647 -0.035015769 -0.760640860 -0.014404273 -0.028149791 0.648402452
1754404479284691456.000000 -3.820425749 4.277461529 -0.035209127 -0.758068383 -0.013977227 -0.031813864 0.651248634
1754404479818014208.000000 -3.822423697 4.280832291 -0.033804789 -0.758228481 -0.010602469 -0.033724088 0.651029944
1754404480351344896.000000 -3.825016022 4.284878254 -0.034553148 -0.760813355 -0.010479189 -0.034169003 0.647985876
1754404480884666624.000000 -3.820561171 4.279500484 -0.033496335 -0.761306226 -0.007718491 -0.032514796 0.647530735
1754404481451320576.000000 -3.818417311 4.278524876 -0.035439834 -0.761966705 -0.008159916 -0.032538585 0.646746814
1754404481984646144.000000 -3.819859982 4.278121471 -0.036696546 -0.761505961 -0.010364137 -0.033508092 0.647208214
1754404482551305984.000000 -3.825968742 4.270099163 -0.036211729 -0.757135451 -0.015838742 -0.037052583 0.652013898
1754404483084632576.000000 -3.824112415 4.265143394 -0.034802362 -0.753813148 -0.012407332 -0.035372756 0.656018734
1754404483651279616.000000 -3.824469090 4.263881683 -0.035152517 -0.752820134 -0.014564817 -0.036592390 0.657047093
1754404484184607488.000000 -3.827098608 4.263439178 -0.035217039 -0.754217386 -0.017547095 -0.036571447 0.655370712
1754404484717932544.000000 -3.831626177 4.265774250 -0.035258546 -0.755082488 -0.016579462 -0.039842244 0.654208064
1754404485252564480.000000 -3.830754042 4.265615940 -0.035391178 -0.752731144 -0.018033486 -0.039977856 0.656865597
1754404485753817856.000000 -3.825156689 4.263192177 -0.033542573 -0.750225365 -0.015268860 -0.038253754 0.659898043
1754404486254405120.000000 -3.825482607 4.260885715 -0.033977393 -0.749084115 -0.017152546 -0.037820246 0.661172092
1754404486755035136.000000 -3.826045275 4.252258301 -0.035108667 -0.746015966 -0.015516962 -0.036761381 0.664731622
1754404487288376064.000000 -3.824769974 4.253176689 -0.033001602 -0.750136554 -0.011261652 -0.038849588 0.660044730
1754404487821703424.000000 -3.826148748 4.263579369 -0.034045354 -0.754787147 -0.008541663 -0.041407704 0.654605925
1754404488355025664.000000 -3.818337440 4.268705368 -0.035228107 -0.756281614 -0.005178635 -0.037638269 0.653142095
1754404488888345344.000000 -3.820057631 4.262205124 -0.034724757 -0.753231227 -0.008539712 -0.037381534 0.656637192
1754404489421675008.000000 -3.818472862 4.260535240 -0.035222605 -0.753410161 -0.007822777 -0.037126299 0.656455338
1754404489955003904.000000 -3.817882299 4.261983395 -0.034658499 -0.754581749 -0.007414176 -0.036072787 0.655171931
1754404490521667584.000000 -3.819152355 4.266748905 -0.034582254 -0.756844580 -0.009514130 -0.037676040 0.652438760
1754404491022383104.000000 -3.818979025 4.274981499 -0.034531955 -0.758314908 -0.008886401 -0.036502089 0.650805056
1754404491557081600.000000 -3.817446470 4.280175209 -0.034898903 -0.758965075 -0.009338235 -0.036906496 0.650017560
1754404492057458688.000000 -3.817482233 4.278386593 -0.036327332 -0.758904219 -0.010002981 -0.035716448 0.650145173
1754404492623960320.000000 -3.821202278 4.275114536 -0.036175072 -0.758992255 -0.011463915 -0.037909973 0.649893999
1754404493157172992.000000 -3.822395325 4.273543358 -0.035768837 -0.759747982 -0.013121215 -0.037601247 0.648996890
1754404493723696384.000000 -3.821393013 4.273794651 -0.035927795 -0.759551644 -0.014088990 -0.036999565 0.649240971
1754404494290231040.000000 -3.821786165 4.274129868 -0.034786254 -0.760208070 -0.014143712 -0.037526038 0.648440778
1754404494823415296.000000 -3.820886374 4.277924538 -0.036573973 -0.762322605 -0.013652352 -0.036486909 0.646023750
1754404495356610304.000000 -3.821105957 4.276653767 -0.036452517 -0.760386944 -0.012887488 -0.036676668 0.648305833
1754404495923116032.000000 -3.822704554 4.277609348 -0.038141705 -0.761498272 -0.016154250 -0.037119079 0.646901608
1754404496456307968.000000 -3.825177908 4.281155109 -0.037294924 -0.761905015 -0.016044468 -0.037890859 0.646380484
1754404496989498112.000000 -3.824145555 4.287566662 -0.035664026 -0.762884617 -0.014747297 -0.038062725 0.645244777
1754404497522688000.000000 -3.823992252 4.285112381 -0.035308916 -0.760977626 -0.016655115 -0.037056692 0.647504807
1754404498089204224.000000 -3.824693441 4.275508881 -0.036162034 -0.758149862 -0.017070286 -0.038800698 0.650701106
1754404498622383872.000000 -3.829358339 4.270840645 -0.035984334 -0.756908476 -0.022666972 -0.038804512 0.651973903
1754404499155576832.000000 -3.833937407 4.272186756 -0.038566180 -0.759526968 -0.025931057 -0.039959904 0.648729265
1754404499688747264.000000 -3.833264589 4.268520355 -0.038039040 -0.758303523 -0.025872577 -0.039064247 0.650215745
1754404500255265792.000000 -3.834677935 4.271041393 -0.038227297 -0.759606183 -0.027342293 -0.039140183 0.648628473
1754404500821881344.000000 -3.835192919 4.268670559 -0.038738750 -0.758994460 -0.027316349 -0.040190630 0.649281085
1754404501322484480.000000 -3.831893444 4.264328480 -0.038240895 -0.757497370 -0.025743993 -0.038245935 0.651208282
1754404501823051776.000000 -3.832139730 4.270208836 -0.038202900 -0.759923100 -0.026493801 -0.037194703 0.648406982
1754404502923038976.000000 -3.822426319 4.270195961 -0.037452098 -0.759638667 -0.022362635 -0.030677509 0.649236500
1754404504489683968.000000 -3.822494745 4.280690193 -0.038509101 -0.764801860 -0.022735063 -0.031230178 0.643106461
1754404505023006464.000000 -3.823198795 4.280308247 -0.037681088 -0.762901187 -0.023809643 -0.030948879 0.645334899
1754404506622973440.000000 -3.819057941 4.273729801 -0.036354139 -0.760198414 -0.022940619 -0.030345710 0.648576379
1754404507657671936.000000 -3.819319248 4.273500443 -0.036227681 -0.759182394 -0.022849718 -0.031223075 0.649726987
1754404510225073408.000000 -3.831559658 4.281824589 -0.037378151 -0.761824846 -0.043768805 -0.028029114 0.645694613
1754404511792115968.000000 -3.830664158 4.273122787 -0.037739284 -0.757672191 -0.046818543 -0.025897535 0.650438488
1754404514359401472.000000 -3.832083941 4.285319328 -0.037851855 -0.763242841 -0.047037877 -0.025024861 0.643911123
1754404515893085440.000000 -3.831465483 4.278970242 -0.038054343 -0.761414647 -0.049346130 -0.026377246 0.645846009
1754404518493725440.000000 -3.827141047 4.277334213 -0.039308589 -0.763857186 -0.043984529 -0.023213714 0.643466175
1754404519493972224.000000 -3.824143171 4.273601532 -0.038148727 -0.762488306 -0.041772645 -0.021826724 0.645283163
1754404522094617344.000000 -3.828370333 4.272108555 -0.033376139 -0.753753543 -0.040114649 -0.020769466 0.655602872
1754404523661698560.000000 -3.831909180 4.269105911 -0.034252413 -0.754704237 -0.041817885 -0.023661923 0.654303491
1754404526195626240.000000 -3.752814293 4.332355976 -0.037146904 -0.756054819 -0.018021017 -0.031124791 0.653519452
1754404527195857152.000000 -3.738741398 4.563076496 -0.049297117 -0.774994671 -0.022583526 -0.044955857 0.629962027
1754404527695969280.000000 -3.813678265 4.754152298 -0.041560825 -0.775120974 -0.014400947 -0.054267567 0.629313290
1754404528196082176.000000 -3.757910967 4.962092400 -0.055101376 -0.775927365 0.011297092 -0.044760700 0.629130781
1754404528696194304.000000 -3.687837601 5.216926575 -0.041156843 -0.774170816 -0.011751390 -0.027359912 0.632275999
1754404529196310272.000000 -3.699589014 5.443480492 -0.053656768 -0.773496926 0.013689960 -0.054883797 0.631270945
1754404529696427520.000000 -3.713267326 5.663782597 -0.034969851 -0.755489469 0.097036824 -0.119089842 0.636896551
1754404530196569856.000000 -3.629417181 5.874080658 -0.049498182 -0.749773860 0.132436261 -0.136253208 0.633825541
1754404530730061312.000000 -3.501834393 6.127482414 -0.037532434 -0.759752810 0.097407609 -0.121225633 0.631341279
1754404531230181888.000000 -3.463354349 6.344131470 -0.049418014 -0.747642815 0.129441291 -0.151843861 0.633418262
1754404531563593984.000000 -3.450640678 6.512203217 -0.040584438 -0.735699296 0.178237602 -0.188737035 0.625584722
1754404532097053440.000000 -3.358936310 6.743981361 -0.051165298 -0.727962852 0.232593954 -0.223992169 0.604812086
1754404532597171200.000000 -3.232435942 6.958624363 -0.036126897 -0.712465107 0.243687674 -0.232886255 0.615446091
1754404533097291264.000000 -3.124088764 7.183345318 -0.049904175 -0.705683649 0.297200024 -0.278185576 0.579909921
1754404533597410816.000000 -3.007509470 7.382733345 -0.027363669 -0.638818443 0.410231560 -0.375748754 0.531445146
1754404534130868736.000000 -2.827840328 7.478684425 -0.039645970 -0.612221003 0.448869824 -0.397648305 0.515341818
1754404534630982656.000000 -2.585582972 7.527411938 -0.032601215 -0.597546041 0.472397268 -0.412506491 0.499617785
1754404535131094784.000000 -2.381225586 7.587004662 -0.041108403 -0.560989738 0.530173063 -0.448891789 0.450225681
1754404535631205120.000000 -2.169351101 7.679810047 -0.032500565 0.506539106 -0.565989971 0.506477535 -0.408110440
1754404536131318016.000000 -1.955544949 7.669818401 -0.044079714 0.503834486 -0.570087790 0.505961657 -0.406391025
1754404536631431680.000000 -1.699245691 7.597118855 -0.032206275 0.504995942 -0.558127999 0.503513217 -0.424201339
1754404537131542528.000000 -1.477687359 7.603874683 -0.041339420 0.488185823 -0.568227470 0.532520354 -0.393972546
1754404537631650048.000000 -1.216198921 7.630011559 -0.030874399 0.440777183 -0.599267542 0.560091853 -0.364542335
1754404538132606720.000000 -0.976238370 7.563252926 -0.045720253 0.418417066 -0.629225254 0.552535713 -0.351720184
1754404538634014720.000000 -0.737749577 7.475214005 -0.030269813 0.422324568 -0.611805618 0.556293011 -0.371313900
1754404539134460928.000000 -0.484625101 7.450959206 -0.039800346 0.407380015 -0.625209749 0.571240246 -0.341816962
1754404539601129728.000000 -0.250638187 7.435459614 -0.029052174 0.363244921 -0.647763371 0.594336331 -0.308577567
1754404540134461440.000000 -0.022085879 7.324905396 -0.047626987 0.368052661 -0.654922366 0.576103568 -0.322053909
1754404540501120256.000000 0.136504605 7.217364311 -0.036955953 0.369908899 -0.643809438 0.577049494 -0.340133429
1754404540867777024.000000 0.288904428 7.147149086 -0.036367908 0.382028013 -0.647763312 0.570123792 -0.330781192
1754404541201111040.000000 0.451302528 7.099458694 -0.047359992 0.348927766 -0.655197680 0.603453755 -0.291219950
1754404541501106944.000000 0.603004515 7.047746181 -0.036089271 0.326297373 -0.666435719 0.613034546 -0.271260500
1754404541901098240.000000 0.743072212 6.939829826 -0.038458049 0.307510197 -0.683798373 0.611859262 -0.251963526
1754404542201093120.000000 0.822888196 6.812473297 -0.042316854 0.303235859 -0.675890207 0.609176457 -0.283062816
1754404542467751680.000000 0.900242805 6.702159882 -0.033455707 0.324843079 -0.659171760 0.605704188 -0.305109799
1754404542701073152.000000 0.955072999 6.636748791 -0.026190003 0.343420118 -0.648557782 0.602451622 -0.313827157
1754404542901070592.000000 0.997658312 6.591462135 -0.025386337 0.342002034 -0.644596875 0.610472322 -0.307982296
1754404543134404096.000000 1.061979532 6.544945240 -0.028691523 0.324586451 -0.637122691 0.635766745 -0.290721476
1754404543267736832.000000 1.106572986 6.510007381 -0.028948300 -0.309330642 0.637784183 -0.647995591 0.278653175
1754404543434400000.000000 1.167646527 6.464466095 -0.025643155 -0.303473294 0.637631476 -0.651521385 0.277218461
1754404543534397952.000000 1.194789767 6.438251972 -0.025247706 -0.298003674 0.636245728 -0.652972579 0.282863975
1754404543701059584.000000 1.230604768 6.393354416 -0.023537314 -0.298878908 0.637612760 -0.648832798 0.288335770
1754404543834390016.000000 1.253105998 6.360197544 -0.024203192 -0.310090631 0.631930709 -0.645937741 0.295418113
1754404543967724544.000000 1.271098971 6.330706120 -0.027107084 -0.324927717 0.623411477 -0.643726289 0.302318811
1754404544034391552.000000 1.278028250 6.318117142 -0.025734615 -0.331869721 0.617922485 -0.643957853 0.305536598
1754404544101058304.000000 1.283973694 6.305018902 -0.023834310 -0.335149080 0.615571558 -0.643174171 0.308340341
1754404544201057792.000000 1.293075204 6.288280487 -0.023607215 -0.340893477 0.614003122 -0.640478551 0.310771614
1754404544301055744.000000 1.303302765 6.275266647 -0.022147501 -0.347329050 0.612042725 -0.637953103 0.312701464
1754404544367720960.000000 1.311390400 6.268105984 -0.020991506 -0.349131644 0.611101985 -0.637299836 0.313863575
1754404544434386432.000000 1.318770885 6.261992455 -0.020539574 -0.346278310 0.612015367 -0.638753951 0.312285215
1754404544501051392.000000 1.327626586 6.256714821 -0.020835815 -0.340241790 0.615286171 -0.641840875 0.306102484
1754404544567716352.000000 1.338499784 6.250337124 -0.021335043 -0.329541385 0.621600330 -0.646288693 0.295510411
1754404544767708160.000000 1.380563498 6.237751484 -0.022238266 -0.289409310 0.639394999 -0.662962794 0.260569811
1754404544834472960.000000 1.396282673 6.235349178 -0.021556275 -0.274498224 0.643985629 -0.669874072 0.247390330
1754404544934701056.000000 1.420827508 6.230330467 -0.021716164 -0.249560207 0.652921319 -0.678391218 0.226271555
1754404545034932736.000000 1.448101640 6.225151539 -0.021238903 -0.227333218 0.662202418 -0.683948696 0.204992205
1754404545235405824.000000 1.501458168 6.217426777 -0.021982448 -0.193379343 0.673768222 -0.692260683 0.171511039
1754404545369063680.000000 1.533077598 6.216646671 -0.024698367 -0.177243948 0.677813530 -0.697244227 0.151670367
1754404545469311232.000000 1.552459717 6.217422485 -0.026384883 -0.166941166 0.679578662 -0.700853169 0.138233334
1754404545636397824.000000 1.582246661 6.221058846 -0.028303266 -0.153710991 0.679998159 -0.707050264 0.118555591
1754404545803470080.000000 1.606890082 6.221426010 -0.031609632 -0.142428890 0.682766199 -0.709489644 0.100841127
1754404545970104576.000000 1.629008174 6.223365784 -0.034251146 -0.137390032 0.683642089 -0.711684346 0.085222751
1754404546070082304.000000 1.640442729 6.225455284 -0.036162265 -0.136419266 0.683286965 -0.712975562 0.078579172
1754404546603284480.000000 1.667599916 6.191815376 -0.040605832 -0.098985337 0.695395887 -0.710216701 0.047104411
1754404546936538368.000000 1.667444944 6.110950947 -0.037860848 0.071548685 -0.706831276 0.702857494 -0.035522133
1754404547203149824.000000 1.654731393 6.024521351 -0.040678773 -0.062924907 0.700047672 -0.710006654 0.043177575
1754404547636375040.000000 1.650700569 5.850262165 -0.034165610 -0.049040791 0.700079083 -0.711647332 0.032286528
1754404548202922240.000000 1.675317049 5.640825272 -0.036096692 0.030023854 -0.724332869 0.688785911 -0.003805355
1754404548669482240.000000 1.751495600 5.403636932 -0.042861052 0.020026503 -0.742505014 0.669148028 0.022938304
1754404548802780416.000000 1.774202108 5.345041752 -0.041437011 0.001798995 -0.748150766 0.662388802 0.038837716
1754404549002742272.000000 1.793389559 5.294109344 -0.038761448 -0.023264542 -0.745415449 0.663404644 0.060900871
1754404549535950336.000000 1.757972479 5.188044071 -0.053009212 -0.023963731 -0.737387955 0.673828185 0.040500745
1754404550469051648.000000 1.563624978 4.758225918 -0.047216427 0.030748375 -0.731699526 0.680742800 0.016112795
1754404551002240256.000000 1.545229554 4.538606167 -0.061644625 0.020855194 -0.733051598 0.679315805 0.027027287
1754404552335222016.000000 1.583335400 3.885679960 -0.043809906 0.021123415 -0.729383528 0.683759212 0.005186822
1754404552601815296.000000 1.573694706 3.770507574 -0.038969427 0.050356153 -0.726621866 0.684782803 -0.023612583
1754404552868408320.000000 1.583669305 3.683051586 -0.038306966 0.075679429 -0.732173204 0.675415635 -0.044819690
1754404553201669120.000000 1.625531673 3.580142021 -0.045486636 0.067533344 -0.731595755 0.677825093 -0.027569398
1754404553601565184.000000 1.706400514 3.445934534 -0.051273972 0.041685902 -0.727480054 0.684828639 0.006691552
1754404554602499072.000000 1.619646430 3.023023129 -0.048687041 0.032179251 -0.724650741 0.688174963 0.016156483
1754404554936115200.000000 1.589529872 2.882099390 -0.047590956 0.059328947 -0.733191431 0.677421510 0.003244797
1754404555302790656.000000 1.580530763 2.706475496 -0.070088699 0.041256573 -0.740712941 0.669343293 0.040271264
1754404555636124160.000000 1.584016323 2.523118019 -0.061427839 0.051888462 -0.739489436 0.669868767 0.041699808
1754404555969459200.000000 1.571181178 2.356808901 -0.055418417 0.069067717 -0.748429954 0.659214854 0.022762962
1754404556269461504.000000 1.536366463 2.222408772 -0.071062326 0.126273021 -0.750063837 0.648814142 -0.022351058
1754404556602791936.000000 1.473065257 2.096177816 -0.067448393 0.148801342 -0.739732027 0.654473007 -0.048164215
1754404556869454592.000000 1.456255436 1.996663809 -0.066775464 0.168952137 -0.746745765 0.640429556 -0.060630362
1754404557202790144.000000 1.468791604 1.860061169 -0.069685012 0.131687433 -0.752490163 0.644763887 -0.026394391
1754404557502787584.000000 1.520598054 1.723520875 -0.060438596 0.112848379 -0.756445169 0.644219875 0.006061683
1754404557769446656.000000 1.549659491 1.617924452 -0.063656062 0.117816649 -0.770017982 0.626781106 0.018359510
1754404558069450496.000000 1.533706427 1.516724944 -0.062086191 0.111575253 -0.769633830 0.628396332 0.018245922
1754404558202785536.000000 1.510274172 1.470542669 -0.062465981 0.100662328 -0.770353436 0.629413009 0.016187752
1754404558469451776.000000 1.468898416 1.386321068 -0.053172037 0.081441820 -0.768713176 0.633718669 0.029118380
1754404558836112384.000000 1.454153776 1.302037239 -0.053953879 0.090225816 -0.773525000 0.626706183 0.027529018
1754404559102783744.000000 1.477534056 1.237664700 -0.058737352 0.107795350 -0.781105399 0.614826560 0.015582701
1754404559336118784.000000 1.513278246 1.179246545 -0.065327168 0.119341031 -0.785435617 0.607107580 0.016397092
1754404559536116480.000000 1.551606059 1.127211571 -0.073278055 0.133575410 -0.794061124 0.592823088 0.013611460
1754404559736113408.000000 1.587555885 1.088584423 -0.076344676 0.139708281 -0.795719624 0.589156985 0.014354909
1754404559936112640.000000 1.624176383 1.050700545 -0.083819024 0.144298032 -0.799218237 0.582936883 0.024756670
1754404560169445632.000000 1.655315280 1.002758503 -0.090018637 0.128772050 -0.806537926 0.574843287 0.049694769
1754404560369442560.000000 1.675572038 0.959473848 -0.097772725 0.113521069 -0.815030694 0.563148916 0.075506464
1754404560569437440.000000 1.697438836 0.920606017 -0.110051870 0.117055468 -0.822880268 0.548327625 0.092211418
1754404560769429248.000000 1.717845559 0.880805910 -0.124543227 0.129302979 -0.832705855 0.530642986 0.091103174
1754404560936271872.000000 1.731964588 0.855353355 -0.134442419 0.140605330 -0.838511825 0.519272864 0.086508445
1754404561103163136.000000 1.744914770 0.837120891 -0.144727290 0.157792658 -0.846040726 0.504122734 0.071950339
1754404561270065920.000000 1.750544310 0.828430831 -0.148652077 0.161212653 -0.848050058 0.500400543 0.066490076
1754404561436981504.000000 1.757411718 0.821733654 -0.152345702 0.163340375 -0.847722530 0.499834627 0.069654994
1754404561637294848.000000 1.763925076 0.813151419 -0.155763298 0.162706807 -0.847766995 0.499384493 0.073708028
1754404561770846976.000000 1.765738130 0.805507839 -0.158058152 0.157421634 -0.849943399 0.496231556 0.081049457
1754404561937593600.000000 1.765544295 0.799332559 -0.159344792 0.146813065 -0.851112366 0.495448947 0.092649288
1754404562104298496.000000 1.762796044 0.794420183 -0.160797030 0.136223495 -0.853131413 0.492902577 0.103232838
1754404562237662976.000000 1.761880994 0.792502046 -0.162083894 0.128617540 -0.854588747 0.490603119 0.111553580
1754404562371027456.000000 1.760100365 0.790185332 -0.164252833 0.122984238 -0.856107116 0.488110155 0.117063984
1754404562504391168.000000 1.757671833 0.789189219 -0.164411098 0.118672848 -0.857528985 0.486097038 0.119459480
1754404562737778688.000000 1.749508500 0.793968379 -0.160252914 0.109344058 -0.857907295 0.487984598 0.117940336
1754404562871143936.000000 1.743639588 0.800029993 -0.155853093 0.104202859 -0.856868744 0.491401941 0.115939528
1754404563037851136.000000 1.734704018 0.808994710 -0.149339631 0.095821373 -0.855053902 0.496716887 0.113900840
1754404563171217408.000000 1.729661584 0.820332408 -0.141827717 0.080548085 -0.853166342 0.501510382 0.118770882
1754404563637999360.000000 1.670132637 0.827823997 -0.122365199 0.001748908 -0.843584180 0.514454484 0.153945610
1754404564071441920.000000 1.582487822 0.843809247 -0.093824506 -0.066162355 -0.825218618 0.533121526 0.174408153
1754404564338176768.000000 1.509695411 0.851794899 -0.081864417 -0.113788590 -0.814032495 0.537784278 0.187593728
1754404564838306048.000000 1.376534462 0.866226792 -0.062728934 -0.160467952 -0.793818831 0.555430174 0.188677266
1754404565371770624.000000 1.258371949 0.850211084 -0.051260829 -0.222855806 -0.771278977 0.555828571 0.215682030
1754404565871891456.000000 1.151109695 0.764145076 -0.051100586 -0.296812624 -0.742230654 0.538077354 0.267336488
1754404566205295104.000000 1.075070262 0.697045386 -0.042528879 -0.372398347 -0.697527766 0.524159372 0.316277444
1754404566472017920.000000 1.004376531 0.668694198 -0.043477353 -0.436460882 -0.657344282 0.501287818 0.355121195
1754404566938784256.000000 0.801842868 0.673049808 -0.056131169 -0.499978781 -0.615282118 0.472985625 0.384361535
1754404567372219904.000000 0.597609997 0.689027548 -0.042212263 -0.487173945 -0.617919743 0.482512653 0.384731382
1754404567605606912.000000 0.495355844 0.681332648 -0.044683643 -0.489416063 -0.625974357 0.481577814 0.369744390
1754404568072380416.000000 0.286669672 0.604063630 -0.053902514 -0.521885216 -0.589745998 0.449465871 0.421682447
1754404568305766656.000000 0.182252780 0.565805078 -0.044197835 -0.526079297 -0.574709594 0.446746022 0.439735562
1754404568539153664.000000 0.076861449 0.565374076 -0.042396478 -0.559462130 -0.550900936 0.422377735 0.452887744
1754404570106199808.000000 -0.701942563 0.777916372 -0.052613199 -0.632750213 -0.456987947 0.345220655 0.521163940
1754404570639662336.000000 -0.957857728 0.833392441 -0.046147615 -0.675755799 -0.394486248 0.288144678 0.552003145
1754404571173126912.000000 -1.196957946 0.983802915 -0.053165466 -0.664294779 -0.400648445 0.324626774 0.541119874
1754404571673250816.000000 -1.426142335 1.092586756 -0.041681066 -0.663538039 -0.414535105 0.321770161 0.533237278
1754404572140033024.000000 -1.673434854 1.104955792 -0.051294424 -0.673239231 -0.394577771 0.301381022 0.547929645
1754404572506789632.000000 -1.863258123 1.122117996 -0.037938207 -0.706077099 -0.341284335 0.268664896 0.559284687
1754404572907121664.000000 -2.021338463 1.198175073 -0.050751437 -0.731523633 -0.293839306 0.236555144 0.567955494
1754404573341622528.000000 -2.195224762 1.352253675 -0.042828679 -0.729115963 -0.258454472 0.249544397 0.582510889
1754404573809640192.000000 -2.389477015 1.481259465 -0.045470268 -0.746334970 -0.255640239 0.219155788 0.574110687
1754404574276297984.000000 -2.595610619 1.607279778 -0.046100687 -0.770477593 -0.135621771 0.127866417 0.609607518
1754404574842938624.000000 -2.722427845 1.799770117 -0.050165519 -0.792349458 0.005991222 0.016670644 0.609810174
1754404575376269312.000000 -2.750065804 2.114051342 -0.042258982 -0.791096866 0.011664961 0.015268287 0.611389160
1754404575909585664.000000 -2.814800978 2.366088152 -0.052880704 -0.795764327 0.018419469 -0.024660788 0.604823768
1754404576442902016.000000 -2.892806530 2.614611626 -0.031712927 -0.756962478 0.112487018 -0.130738065 0.630287349
1754404577009545472.000000 -2.849292994 2.898423910 -0.053089123 -0.772605002 0.126568750 -0.117210224 0.611002326
1754404577542865152.000000 -2.793136358 3.204928398 -0.040867265 -0.781647682 0.050106943 -0.046183500 0.619986653
1754404578109520640.000000 -2.843836546 3.446226597 -0.054255381 -0.784923136 0.005576281 -0.040628783 0.618234515
1754404578676178688.000000 -2.936715603 3.690571308 -0.043518580 -0.777732432 0.007832499 -0.052776795 0.626326978
1754404579176178944.000000 -2.951677322 3.890012503 -0.059698064 -0.793196738 0.001103063 -0.023351807 0.608516574
1754404579709505792.000000 -2.988435268 4.132515907 -0.048310891 -0.791737437 -0.049131554 0.033636022 0.607952774
1754404580243851776.000000 -3.088160992 4.279819012 -0.054358549 -0.802512646 -0.090429366 0.054575238 0.587211668
1754404580778571008.000000 -3.315559387 4.345464230 -0.046738621 -0.784714818 -0.105842844 0.048127681 0.608854353
1754404581278601216.000000 -3.488857269 4.421208382 -0.055812255 -0.786912262 -0.146918401 0.064375319 0.595852256
1754404581811787776.000000 -3.668931246 4.548076153 -0.064253829 -0.795686245 -0.125946999 0.072615452 0.588003218
1754404582344993024.000000 -3.850969791 4.569125175 -0.058876790 -0.801816225 -0.075316183 0.026729897 0.592202365
1754404582878172160.000000 -4.103405476 4.526778221 -0.061129689 -0.813005984 -0.014700321 -0.029842714 0.581304252
1754404583444699136.000000 -4.207746983 4.452777386 -0.078480154 -0.821583927 -0.086072773 -0.034750767 0.562479973
1754404584011208192.000000 -4.236100197 4.399044991 -0.120953582 -0.832694769 -0.071322866 -0.049123544 0.546918154
1754404584577713664.000000 -4.334796429 4.394051075 -0.276132524 -0.829554975 -0.073549725 -0.062892228 0.549976051
1754404585144227072.000000 -4.391513348 4.383173943 -0.527336538 -0.818916321 -0.111408830 -0.066505626 0.559053838
