1753978519564920064.000000 0.015558020 -0.034711055 0.005286141 -0.681411266 0.070314303 -0.011858740 0.728418827
1753978519831647488.000000 0.032632928 0.000868641 0.001385908 -0.685847163 0.058374986 -0.005366339 0.725380838
1753978520131714560.000000 0.028716229 0.070502102 -0.000161177 -0.696710587 0.046600860 -0.001071547 0.715836287
1753978520398443008.000000 -0.003555275 0.155712157 -0.006059216 -0.698662817 0.040245481 -0.004080750 0.714306593
1753978520665172992.000000 -0.046349287 0.259050697 0.001038321 -0.698400438 0.043080535 -0.001463230 0.714408040
1753978520931902720.000000 -0.079900317 0.353872627 0.001660571 -0.700185061 0.029109584 0.011392385 0.713276803
1753978521198632448.000000 -0.098356225 0.469629019 -0.003220054 -0.707209110 -0.005026201 0.044226840 0.705601871
1753978521465361152.000000 -0.102222189 0.600812435 -0.004370139 -0.702014446 -0.048329119 0.091929242 0.704548836
1753978521732089600.000000 -0.125405222 0.727948427 0.002026594 -0.699563682 -0.110500388 0.139362276 0.692082763
1753978521998818816.000000 -0.185467213 0.829438686 -0.002767418 -0.703178883 -0.172118083 0.192983896 0.662323296
1753978522332230656.000000 -0.310084760 0.903069198 -0.010911563 -0.698625207 -0.176747695 0.203801900 0.662682414
1753978522465596672.000000 -0.370921850 0.925651431 -0.005307245 -0.697634637 -0.161230117 0.196224526 0.669930398
1753978525199596288.000000 -1.133025050 1.773328781 -0.018035300 -0.720708668 0.051432021 0.021578085 0.690990806
1753978525366301184.000000 -1.144590497 1.849860311 -0.014822508 -0.720961630 0.046511676 0.017338255 0.691194892
1753978525633030144.000000 -1.168056726 1.971964002 -0.012933315 -0.726640224 0.042484108 0.012714031 0.685585499
1753978526066463744.000000 -1.231085420 2.173058748 -0.016967986 -0.719611228 0.073040478 -0.023208501 0.690134883
1753978526466559232.000000 -1.269357800 2.352866888 -0.013404215 -0.721316218 0.098887421 -0.043806944 0.684109032
1753978526833315584.000000 -1.244836330 2.531399965 -0.021537751 -0.709547937 0.097659312 -0.031754006 0.697134197
1753978527200072192.000000 -1.219688773 2.718804598 -0.006781755 -0.715388477 0.065791167 -0.017089693 0.695412755
1753978527700195584.000000 -1.235670447 2.945230722 -0.015258916 -0.716441751 0.064977251 -0.023240123 0.694225550
1753978528200318976.000000 -1.266589165 3.167487860 -0.007386428 -0.723312438 0.060416840 -0.024690272 0.687429547
1753978528733781504.000000 -1.189233780 3.393030882 -0.013028631 -0.716288388 0.030634290 0.011381533 0.697038710
1753978531570235392.000000 -1.290938854 4.390582085 -0.010051926 -0.705360055 -0.139764279 0.159875691 0.676293612
1753978532603537408.000000 -1.497176170 4.680177689 -0.017937548 -0.692480803 -0.204151735 0.243591413 0.647653997
1753978532936858624.000000 -1.547724605 4.785900116 -0.012319339 -0.680379450 -0.247500449 0.272764951 0.633582354
1753978534870132224.000000 -2.009489536 5.045106888 -0.003702452 -0.634890974 -0.330690712 0.362555474 0.596750140
1753978537103385344.000000 -2.571115494 5.233293056 -0.004673405 -0.573761463 -0.443997175 0.457599163 0.514069498
1753978538936690432.000000 -2.844096184 5.139481068 -0.004132207 0.452685952 0.568201721 -0.570605636 -0.382924944
1753978540403363584.000000 -2.989284992 5.062058449 -0.004032247 -0.317053646 -0.653460264 0.637911737 0.255998552
1753978541303473920.000000 -3.019357204 4.955875874 -0.003269501 -0.255083472 -0.675202489 0.666563094 0.186353922
1753978543705481472.000000 -2.974389791 4.599071503 -0.025859559 -0.017116884 -0.737366974 0.673851132 -0.043837979
1753978544038721280.000000 -2.997671843 4.487550735 -0.026063809 0.003827409 -0.740737200 0.668940485 -0.061744738
1753978544438618112.000000 -2.991282940 4.371765137 -0.031688049 0.033602506 -0.752876639 0.651633143 -0.086150117
1753978544838526720.000000 -2.919107914 4.257862091 -0.040912725 0.021743551 -0.760643721 0.645394862 -0.066437200
1753978545205092096.000000 -2.833238840 4.159612179 -0.032418117 -0.020824224 -0.759303868 0.649409711 -0.035930704
1753978545938236672.000000 -2.786693811 3.924947500 -0.041314647 -0.030281972 -0.750648737 0.657979965 -0.051690418
1753978546238142208.000000 -2.780223846 3.799267530 -0.033520993 -0.016412130 -0.745144308 0.664524078 -0.053836055
1753978546738698752.000000 -2.722723246 3.607600689 -0.038541507 -0.006700615 -0.746670425 0.663517714 -0.046719871
1753978548006070528.000000 -2.668589115 3.093622446 -0.029881459 -0.137050062 -0.715862393 0.683725238 0.035752218
1753978550072753920.000000 -2.661209583 2.101707935 -0.025765100 0.034350730 -0.722871423 0.684569180 -0.087418757
1753978550406081280.000000 -2.635540247 1.976006866 -0.029259164 0.080492295 -0.732082844 0.663627267 -0.131051704
1753978550739414784.000000 -2.547628641 1.895610929 -0.033899527 0.095772482 -0.728602052 0.664782822 -0.134277925
1753978551206070784.000000 -2.405770540 1.809898973 -0.028551228 0.103278100 -0.720456243 0.669818282 -0.147037208
1753978551606065152.000000 -2.320421457 1.724921465 -0.034954034 0.156794965 -0.717552364 0.648678482 -0.199374601
1753978551972719616.000000 -2.254123688 1.610629797 -0.038299218 0.186971277 -0.706999958 0.640015125 -0.235740378
1753978552306038528.000000 -2.175606251 1.518097520 -0.033517614 0.227755040 -0.695502102 0.630822480 -0.257812858
1753978552639366912.000000 -2.073868513 1.464365244 -0.034267601 0.267966032 -0.689750254 0.611812651 -0.279506743
1753978552939355904.000000 -1.959569216 1.435163736 -0.038398869 0.267870307 -0.688432634 0.612956882 -0.280339092
1753978553472673280.000000 -1.762198448 1.381065130 -0.035455734 0.223039329 -0.704336107 0.622864544 -0.257301033
1753978553872666624.000000 -1.648563743 1.273807883 -0.044694141 0.221650109 -0.705447674 0.618525863 -0.265783250
1753978554205986560.000000 -1.552401900 1.180270433 -0.034194976 0.252670974 -0.689792752 0.613367796 -0.290040433
1753978554539320576.000000 -1.448274851 1.133566737 -0.033246912 0.288710326 -0.680307388 0.598520935 -0.309194088
1753978554839317504.000000 -1.331225395 1.114153624 -0.040868424 0.287076086 -0.682164192 0.600669563 -0.302383006
1753978555205973504.000000 -1.189557195 1.108168721 -0.032403186 0.245741546 -0.695145428 0.612210512 -0.285625994
1753978555472644096.000000 -1.101031899 1.090485334 -0.036482498 0.232249141 -0.707187593 0.612609565 -0.265811235
1753978555839313152.000000 -0.988073230 1.026262879 -0.045969948 0.235953555 -0.710635543 0.604314923 -0.272261977
1753978556105976576.000000 -0.898205221 0.959807277 -0.037709333 0.244023740 -0.704732656 0.599427700 -0.290673077
1753978556572641792.000000 -0.755819917 0.893476129 -0.039124925 0.251701832 -0.716644883 0.587840736 -0.278405577
1753978556872637696.000000 -0.643537164 0.880839467 -0.046188600 0.207755372 -0.741136134 0.598083794 -0.223273024
1753978557205961216.000000 -0.524110794 0.878265738 -0.043283943 0.132612705 -0.761244178 0.613894820 -0.161413684
1753978557573055744.000000 -0.445564002 0.853617191 -0.045505352 0.038481552 -0.776009560 0.624645293 -0.078400612
1753978558073814272.000000 -0.412097871 0.740551531 -0.056946706 0.028313003 -0.783512890 0.618968487 -0.046732310
1753978558608339456.000000 -0.395690382 0.581697643 -0.065259665 0.023258593 -0.806034446 0.590386569 -0.034801826
1753978558875741184.000000 -0.362730861 0.513441503 -0.066707462 -0.011826387 -0.806871712 0.590574980 -0.006279302
1753978560910214656.000000 -0.384893060 0.449476898 -0.057588167 -0.000734522 -0.798241079 0.602075100 -0.017780235
1753978563843520768.000000 -0.340703577 0.716446936 -0.033796102 -0.197644114 -0.725807488 0.641737282 0.149377421
1753978564376853504.000000 -0.357133687 0.683575392 -0.029945262 -0.261310071 -0.698480546 0.633652747 0.205733269
1753978565410202624.000000 -0.545140505 0.805660248 -0.026127506 -0.349127144 -0.664448142 0.599546731 0.277781785
1753978565910203136.000000 -0.647215724 0.796103179 -0.031782687 -0.421128988 -0.640686870 0.556123495 0.320776284
1753978566310195456.000000 -0.749446809 0.735334575 -0.031117976 -0.494699627 -0.591100574 0.506369114 0.386604220
1753978566610201856.000000 -0.816501558 0.719827533 -0.024719842 -0.568522274 -0.534101784 0.453513175 0.431095779
1753978566943535360.000000 -0.872443378 0.760623753 -0.014159930 -0.638926625 -0.467370749 0.388765812 0.471379489
1753978567276862976.000000 -0.934963942 0.873111486 -0.013973570 -0.690212846 -0.416265965 0.341612726 0.483352393
1753978567643532544.000000 -0.983337164 0.993043482 -0.007966363 -0.704388499 -0.383601576 0.330162525 0.497674078
1753978567976860928.000000 -1.026882529 1.070291162 -0.006047469 -0.740106642 -0.314964890 0.290467799 0.518331707
1753978568343522048.000000 -1.123495460 1.123120427 -0.006190303 -0.783126295 -0.200864509 0.203682736 0.552159369
1753978569776867584.000000 -1.275660038 1.400648236 -0.029985173 -0.788169146 0.051493566 0.006823276 0.613262892
1753978570343529472.000000 -1.316334248 1.538405180 -0.035864130 -0.793970048 0.105930127 -0.043227371 0.597094476
1753978570810195712.000000 -1.434811831 1.644768119 -0.031719718 -0.775839269 0.180202216 -0.113534853 0.593894362
1753978571376851456.000000 -1.516155124 1.770647526 -0.027663302 -0.760437608 0.234900028 -0.160987049 0.583643675
1753978571876854016.000000 -1.463265181 1.924062371 -0.036463179 -0.759723246 0.256403208 -0.174137235 0.571624100
1753978572410179328.000000 -1.429595232 2.087279797 -0.032920070 -0.774082422 0.238485426 -0.165039763 0.562745988
1753978572943506688.000000 -1.478385568 2.281111240 -0.026319336 -0.755385876 0.260692924 -0.202060610 0.566218138
1753978573476828672.000000 -1.528429985 2.437614441 -0.014998587 -0.737662792 0.260680258 -0.215500817 0.584344864
1753978574010151936.000000 -1.459246278 2.591698408 -0.012108094 -0.731610119 0.236757129 -0.163698763 0.617976964
1753978574510455808.000000 -1.407842994 2.746154785 -0.010464356 -0.742438734 0.192692295 -0.127200261 0.628867626
1753978575044583680.000000 -1.438068986 2.915585041 -0.015778331 -0.727042496 0.211283386 -0.151951417 0.635357678
1753978575578364928.000000 -1.469882727 3.096770048 -0.008579588 -0.713938415 0.226843163 -0.165592179 0.641415119
1753978576078481920.000000 -1.403350353 3.270451307 -0.012099523 -0.705839515 0.217581198 -0.141172603 0.659180880
1753978576578597888.000000 -1.347357154 3.461028576 -0.006464814 -0.716453969 0.160078719 -0.101895981 0.671331406
1753978577112053760.000000 -1.370037794 3.671500683 -0.018383943 -0.732723296 0.144570619 -0.093917519 0.658327758
1753978577612169216.000000 -1.411518812 3.853105545 -0.022910211 -0.764569700 0.129583895 -0.077300720 0.626630545
1753978578145625088.000000 -1.376862049 4.026072025 -0.034433804 -0.785750091 0.110066772 -0.031932529 0.607834280
1753978578679079424.000000 -1.358208179 4.248045444 -0.041858405 -0.814298987 0.008255753 0.032145210 0.579496145
1753978579112511488.000000 -1.444246054 4.390273094 -0.054781489 -0.821092069 -0.070225000 0.069854394 0.562135875
1753978579645972736.000000 -1.597865939 4.537827015 -0.043200355 -0.812660873 -0.072159559 0.060671940 0.575060308
1753978580179437056.000000 -1.710789204 4.664931297 -0.050172865 -0.792920113 -0.184455261 0.137447715 0.564235926
1753978580646206976.000000 -1.785404563 4.818890095 -0.034851376 -0.753661394 -0.269612551 0.224841058 0.555652857
1753978581179653120.000000 -1.887673497 4.923830986 -0.033703946 -0.746076643 -0.303941339 0.249374181 0.537402987
1753978581713114624.000000 -2.075720310 4.948182583 -0.030211687 -0.724209607 -0.329211146 0.263843417 0.545460463
1753978582213236992.000000 -2.211941481 4.982339859 -0.025639862 -0.710659802 -0.350743443 0.289309263 0.536881685
1753978582646674432.000000 -2.320401430 5.051117897 -0.027924709 -0.671138525 -0.403590322 0.351188868 0.513180733
1753978583080111104.000000 -2.450397968 5.139173031 -0.019526597 -0.614675045 -0.484825492 0.412990808 0.465357244
1753978583580231680.000000 -2.555893898 5.124044895 -0.023675203 -0.563556015 -0.553178966 0.455319643 0.411195487
1753978584080353536.000000 -2.641210794 5.010276794 -0.021888288 -0.517536640 -0.586946249 0.485523403 0.389765352
1753978584480452864.000000 -2.682973862 4.932369709 -0.022567321 -0.456439644 -0.630938470 0.522122324 0.347804308
1753978584947238400.000000 -2.780894756 4.884212494 -0.029450424 -0.373865485 -0.686338305 0.563052177 0.268582702
1753978585447365888.000000 -2.906951427 4.854243755 -0.024203302 -0.311296791 -0.713154137 0.591399670 0.211546704
1753978586480958464.000000 -2.869454861 4.703004837 -0.032131538 -0.142859265 -0.764929354 0.623332739 0.077010877
1753978587014424832.000000 -2.775164604 4.590550900 -0.037111990 -0.089017838 -0.772673309 0.626840055 0.046079453
1753978587547890944.000000 -2.741526365 4.458017826 -0.042566482 0.008188235 -0.786971927 0.616270363 -0.028618097
1753978588081359616.000000 -2.764095306 4.292068005 -0.041126586 0.126159102 -0.775367618 0.602415204 -0.141368419
1753978588614823424.000000 -2.720492125 4.201370716 -0.047729835 0.190609574 -0.770961404 0.574861407 -0.197030351
1753978589114941952.000000 -2.581163883 4.194299698 -0.044026077 0.211604670 -0.748319387 0.597764909 -0.194727391
1753978589615063040.000000 -2.471377134 4.157983780 -0.048230067 0.232937723 -0.740832865 0.597174227 -0.200723067
1753978590115185408.000000 -2.408533573 4.026361465 -0.053560756 0.282132268 -0.722908258 0.569277048 -0.271530420
1753978590581965568.000000 -2.333785534 3.866841316 -0.053973526 0.333685875 -0.700015843 0.536958575 -0.332125247
1753978591082084352.000000 -2.240144253 3.791501760 -0.059420161 0.338863045 -0.703550935 0.519755185 -0.346471608
1753978591582205952.000000 -2.106879234 3.800770521 -0.048427179 0.273385346 -0.705499113 0.585367918 -0.291334867
1753978592115670784.000000 -1.985951781 3.757909060 -0.047818914 0.199155420 -0.734592140 0.611694455 -0.215734884
1753978592649133312.000000 -1.915226102 3.602718353 -0.043393016 0.183837831 -0.731099606 0.616406798 -0.227463841
1753978593149253632.000000 -1.833267450 3.477987528 -0.039322972 0.206302911 -0.726060510 0.612582326 -0.234559506
1753978593682715904.000000 -1.679298878 3.417856693 -0.035900928 0.179057419 -0.728225410 0.634110868 -0.188492939
1753978594216176640.000000 -1.550448895 3.362874269 -0.034826018 0.123514652 -0.740953803 0.647561908 -0.128043666
1753978594716286208.000000 -1.508775830 3.251782417 -0.041269921 0.118947819 -0.749482155 0.641917229 -0.109864220
1753978595183052288.000000 -1.499212146 3.142555237 -0.040962704 0.229188308 -0.726048827 0.615859568 -0.202590629
1753978595549805312.000000 -1.500552058 3.111632824 -0.047744393 0.310202748 -0.706113517 0.573919892 -0.275307089
1753978596049928448.000000 -1.547042966 3.226489305 -0.044815771 0.319799304 -0.686388433 0.580532670 -0.299301237
1753978596550048000.000000 -1.579297066 3.351881981 -0.052715987 0.274942070 -0.716947079 0.597763658 -0.230374396
1753978597050162432.000000 -1.663140774 3.382650375 -0.041214809 0.194105178 -0.736608863 0.627525806 -0.161065355
1753978597550282240.000000 -1.840979815 3.377294540 -0.032321721 0.075369716 -0.755872130 0.645952046 -0.075647652
1753978598017064960.000000 -1.978575587 3.376820803 -0.021888105 -0.081236988 -0.751912236 0.652882457 0.042109318
1753978598483846144.000000 -2.030431986 3.284043789 -0.029513614 -0.200044081 -0.739633620 0.623269320 0.156396657
1753978598850600960.000000 -2.056524515 3.151798725 -0.037469462 -0.233260170 -0.746122122 0.593613029 0.191089481
1753978599317380096.000000 -2.129440784 3.044793844 -0.046278872 -0.256885409 -0.759605825 0.562087178 0.202649906
1753978599850842880.000000 -2.287332296 3.005418777 -0.059321653 -0.221174136 -0.786930501 0.544461191 0.188107669
1753978600350964480.000000 -2.383927584 3.046493769 -0.059124425 -0.217612594 -0.786111057 0.554783046 0.163981721
1753978600817745408.000000 -2.302707911 3.157536507 -0.051581033 -0.250374049 -0.761324227 0.564453244 0.197714150
1753978601351208448.000000 -2.203920364 3.274486542 -0.051540419 -0.187752351 -0.774686396 0.576184809 0.180613354
1753978601784646656.000000 -2.264214754 3.349939108 -0.054050006 -0.112891778 -0.789134979 0.591847062 0.119324818
1753978602351451392.000000 -2.357249737 3.449131489 -0.051471397 0.042412460 -0.797152400 0.602232337 -0.008089552
1753978602851572992.000000 -2.309889317 3.547399521 -0.057731867 0.210061908 -0.766031027 0.584859967 -0.164345279
1753978603351694848.000000 -2.194290638 3.757410288 -0.070205376 0.348585933 -0.713639677 0.544736266 -0.269200176
1753978603818473472.000000 -2.112522840 3.888180256 -0.077636473 0.474161655 -0.638664901 0.490305424 -0.356200159
1753978604285239296.000000 -1.993402719 3.869151354 -0.078605622 0.512209535 -0.609213710 0.438710243 -0.417173088
1753978604753138688.000000 -1.872564435 3.878554821 -0.075291872 0.548744977 -0.573392868 0.400967062 -0.457520425
1753978605221134592.000000 -1.804411173 3.971105576 -0.075240590 0.533244848 -0.580050349 0.422141701 -0.448316664
1753978605755392000.000000 -1.745638847 4.138589382 -0.062646419 0.500532627 -0.590169251 0.467333466 -0.427512288
1753978606256269824.000000 -1.687039495 4.199854851 -0.066589400 0.503273249 -0.586350322 0.478931129 -0.416574448
1753978606689681152.000000 -1.632682204 4.150158882 -0.061443560 0.515588403 -0.562576771 0.447345406 -0.466431379
1753978607222889472.000000 -1.635732770 4.162278652 -0.055979233 0.476010859 -0.576485991 0.461665183 -0.477433622
1753978607789441536.000000 -1.665227413 4.298393250 -0.053988725 0.426924348 -0.602131665 0.515663505 -0.435044974
1753978608322648320.000000 -1.681139112 4.316504002 -0.054939389 0.458818316 -0.555853009 0.511756957 -0.467566192
1753978608789235712.000000 -1.715424299 4.289138794 -0.045339480 0.427785128 -0.547562718 0.542125940 -0.472519308
1753978609355779328.000000 -1.738357782 4.283784389 -0.044258222 0.428172439 -0.542537570 0.546271920 -0.473189652
1753978609922340608.000000 -1.732780337 4.278134823 -0.045224696 0.438811213 -0.544231832 0.536860704 -0.472267926
1753978610455555840.000000 -1.733935237 4.276623726 -0.045185838 0.437195957 -0.544085264 0.537114620 -0.473644197
1753978610988779776.000000 -1.731025815 4.275451660 -0.045825053 0.438261837 -0.547870457 0.534628332 -0.471102148
1753978611521995776.000000 -1.729702711 4.272986412 -0.045449603 0.432441235 -0.551770627 0.537233531 -0.468960524
1753978612055223296.000000 -1.726616502 4.273253918 -0.047183052 0.434073359 -0.551866114 0.535928845 -0.468833059
1753978612588449792.000000 -1.725815892 4.273562431 -0.047558211 0.436309755 -0.551129937 0.534398496 -0.469369620
1753978613155002880.000000 -1.726801991 4.275218964 -0.048328266 0.433030277 -0.552152932 0.536034048 -0.469339222
1753978613721572096.000000 -1.721032739 4.272449493 -0.047467187 0.432731748 -0.554096282 0.534281492 -0.469322890
1753978614254805760.000000 -1.720028996 4.270985603 -0.047999751 0.432113558 -0.554894507 0.534453392 -0.468753308
1753978614788048384.000000 -1.723910213 4.271097183 -0.047702417 0.429905564 -0.554690301 0.534254551 -0.471245080
1753978615321267968.000000 -1.725483179 4.273379803 -0.046945427 0.430671901 -0.554796636 0.534662783 -0.469955474
1753978615854527232.000000 -1.724601150 4.274064064 -0.046615817 0.428123474 -0.557245195 0.536851287 -0.466881901
1753978616421093376.000000 -1.725918531 4.274065971 -0.047105260 0.424934775 -0.558277845 0.538248360 -0.466952950
1753978616987664384.000000 -1.731656909 4.278310776 -0.044020616 0.425651371 -0.557169735 0.537653685 -0.468307018
1753978617520898816.000000 -1.733687520 4.276812553 -0.043525621 0.423542023 -0.556804657 0.537813962 -0.470464617
1753978618054141696.000000 -1.734441519 4.273509502 -0.045339637 0.418339849 -0.555034399 0.540168464 -0.474496126
1753978618587382016.000000 -1.722683549 4.268264294 -0.047571771 0.430478632 -0.555385053 0.528334320 -0.476548553
1753978619120621056.000000 -1.727235675 4.271345615 -0.046808444 0.433412552 -0.552252054 0.529572487 -0.476155639
1753978619653869056.000000 -1.726427197 4.269227982 -0.048096973 0.433330566 -0.554279804 0.528713644 -0.474826813
1753978620187114496.000000 -1.733282447 4.270446777 -0.047277465 0.427812219 -0.554374278 0.532537580 -0.475446671
1753978620687514880.000000 -1.737460375 4.272949696 -0.047469333 0.427710354 -0.553795755 0.534425557 -0.474092335
1753978621188209920.000000 -1.741061449 4.274951458 -0.045979232 0.427398980 -0.554193258 0.535036862 -0.473218262
1753978621688798720.000000 -1.746369362 4.276399612 -0.045780268 0.425807804 -0.550532281 0.536795735 -0.476919562
1753978622189382400.000000 -1.746176362 4.276037693 -0.045049943 0.425557584 -0.550009847 0.537141204 -0.477356493
1753978622689656832.000000 -1.746650934 4.274293900 -0.046208091 0.421571791 -0.551509142 0.540324211 -0.475567609
1753978623189783040.000000 -1.746064544 4.273928642 -0.045836762 0.424123377 -0.549862802 0.540132940 -0.475422770
1753978623689898496.000000 -1.743953347 4.270962715 -0.045877434 0.422237992 -0.551497161 0.540355623 -0.474954545
1753978624190007808.000000 -1.739128470 4.273836136 -0.045594193 0.426542938 -0.549785614 0.538803697 -0.474855214
1753978624690125056.000000 -1.738263249 4.271285057 -0.046064332 0.425110251 -0.548264086 0.539070964 -0.477587879
1753978625223587584.000000 -1.732699752 4.272004128 -0.046660922 0.424242467 -0.549764097 0.539780855 -0.475830317
1753978625757053184.000000 -1.733020306 4.274734020 -0.046000510 0.426355451 -0.548459053 0.539264202 -0.476033390
1753978626290521344.000000 -1.736206532 4.275213242 -0.046573773 0.427909613 -0.546318114 0.538703859 -0.477732271
1753978626790642944.000000 -1.735457420 4.276124954 -0.047206692 0.427965701 -0.545316219 0.538792193 -0.478726000
1753978627290764032.000000 -1.733184934 4.277191162 -0.046687450 0.430402070 -0.546095312 0.537810743 -0.476753205
1753978627790887424.000000 -1.732823133 4.276763916 -0.047143146 0.430935860 -0.545041859 0.537009358 -0.478377253
1753978628291011072.000000 -1.734583020 4.277564049 -0.047313660 0.430752575 -0.540655851 0.538147509 -0.482224882
1753978628791125760.000000 -1.731800914 4.276972771 -0.046900321 0.429307371 -0.537822485 0.538709462 -0.486039340
1753978629291238912.000000 -1.727907538 4.279364586 -0.047090836 -0.430020422 0.530622125 -0.544626176 0.486728936
1753978629691326720.000000 -1.728101134 4.279952526 -0.045344327 -0.421202809 0.518708766 -0.554077327 0.496515542
1753978630091413760.000000 -1.724687576 4.283205509 -0.043882754 -0.420097679 0.511955976 -0.554443836 0.503995061
1753978630524844032.000000 -1.724762201 4.285409927 -0.043300383 -0.427376211 0.515813053 -0.553921759 0.494426131
1753978630924936192.000000 -1.737312913 4.282229900 -0.040957525 -0.419560164 0.522906363 -0.555030644 0.492421806
1753978631358369280.000000 -1.741471887 4.279706478 -0.041404009 -0.420717835 0.528140426 -0.552471101 0.488712430
1753978631791809024.000000 -1.751993656 4.280368328 -0.041126162 -0.416186213 0.522956848 -0.555294812 0.494927227
1753978632291932672.000000 -1.764982700 4.283713818 -0.038955040 -0.414149374 0.520859838 -0.554483354 0.499733567
1753978632692025344.000000 -1.766595364 4.282290936 -0.040017601 -0.413322359 0.520999193 -0.552066147 0.502938926
1753978633158799104.000000 -1.761882067 4.281925201 -0.039873607 -0.416207314 0.520294547 -0.551643074 0.501751959
1753978633592228608.000000 -1.756165981 4.278719902 -0.040677287 -0.412676305 0.526540041 -0.551355064 0.498459011
1753978633992315392.000000 -1.754278064 4.281517029 -0.041608050 -0.422216475 0.520855010 -0.548697114 0.499374419
1753978634392402688.000000 -1.749492049 4.278475761 -0.042735912 -0.419478297 0.527953207 -0.547519386 0.495505661
1753978634892523776.000000 -1.744327068 4.278196812 -0.043631710 -0.421659023 0.532394171 -0.547105014 0.489322364
1753978635292620288.000000 -1.741093874 4.281124592 -0.046189561 -0.420676857 0.534356713 -0.547827005 0.487216115
1753978635792749056.000000 -1.739172816 4.281750679 -0.045886569 -0.420804322 0.535332620 -0.547104061 0.486846983
1753978636226195968.000000 -1.743437767 4.281848431 -0.043612145 -0.420696706 0.535583615 -0.546997011 0.486784250
1753978636659637760.000000 -1.745872259 4.279882431 -0.044719882 -0.421952277 0.536221743 -0.545947373 0.486172795
1753978637093077248.000000 -1.745149136 4.280253887 -0.044405859 -0.423242003 0.537230074 -0.544739604 0.485292643
1753978637593202688.000000 -1.745845914 4.279431343 -0.045036338 -0.423579365 0.537515402 -0.543781698 0.485756427
1753978638093331200.000000 -1.740230441 4.277564526 -0.044788208 0.425855577 -0.541790962 0.540755212 -0.482382953
1753978638560117504.000000 -1.738539338 4.278980255 -0.044792190 0.427247286 -0.541400850 0.540704608 -0.481646627
1753978639060244736.000000 -1.739974380 4.276999474 -0.045417503 0.425037205 -0.542589247 0.541035593 -0.481892884
1753978639593707520.000000 -1.739468455 4.275658607 -0.045194276 0.426081330 -0.544921398 0.539111614 -0.480493456
1753978640093821184.000000 -1.736213803 4.276736736 -0.046762869 0.429348111 -0.545671523 0.537813485 -0.478183448
1753978640627277824.000000 -1.731310487 4.276203632 -0.046057709 0.429634422 -0.545242250 0.536953211 -0.479381204
1753978641127394560.000000 -1.734220266 4.276597500 -0.045385420 0.426861674 -0.543554068 0.538803935 -0.481693357
1753978641627508736.000000 -1.733398914 4.274139881 -0.046424817 0.427453429 -0.543769240 0.537573040 -0.482300609
1753978642127620096.000000 -1.734282970 4.273904800 -0.046072751 0.426604390 -0.543663025 0.538557768 -0.482073516
1753978642627731712.000000 -1.735192180 4.276214123 -0.046717972 0.425103843 -0.544051766 0.539938748 -0.481415302
1753978643127841792.000000 -1.737356424 4.275350571 -0.045919396 0.427351654 -0.542409897 0.538326621 -0.483080178
1753978643627955456.000000 -1.746190906 4.273764610 -0.046671815 0.424082339 -0.542330801 0.540039062 -0.484137744
1753978644128070656.000000 -1.750512600 4.273310184 -0.045009729 0.424604684 -0.543738961 0.538750112 -0.483536065
1753978644628184064.000000 -1.738581419 4.272930622 -0.044181958 0.430156320 -0.548024774 0.534143507 -0.478879094
1753978645128296448.000000 -1.731794357 4.270885944 -0.046003316 0.429920435 -0.549163222 0.533637702 -0.478350401
1753978645661746432.000000 -1.740422010 4.270508766 -0.045691177 0.422939807 -0.549036622 0.537569463 -0.480312139
1753978646161853440.000000 -1.740888357 4.270435810 -0.046502363 0.425555378 -0.547270954 0.536602676 -0.481097490
1753978646661967872.000000 -1.734793663 4.266192913 -0.047498841 0.424477339 -0.550264597 0.534062505 -0.481461436
1753978647162089472.000000 -1.729125381 4.266313553 -0.046585903 0.425388604 -0.549661338 0.534255981 -0.481131434
1753978647695547648.000000 -1.729036927 4.267591953 -0.047074318 0.422676951 -0.551876664 0.535866320 -0.479190618
1753978648195661568.000000 -1.735255361 4.270276546 -0.046512887 0.424970627 -0.551476181 0.535165131 -0.478405893
1753978648729116672.000000 -1.742529631 4.271308899 -0.046173714 0.424850255 -0.551590979 0.535069048 -0.478488177
1753978649229230080.000000 -1.736862540 4.273977280 -0.046648219 0.425255746 -0.552819848 0.535045564 -0.476732731
1753978649729347584.000000 -1.731199861 4.275107861 -0.046615861 0.425554842 -0.550699651 0.536715925 -0.477042019
1753978650229465088.000000 -1.725497842 4.270732880 -0.046896115 0.424711257 -0.555066347 0.534827471 -0.474848717
1753978650762922496.000000 -1.727928400 4.269756317 -0.046440158 0.424808681 -0.553249598 0.535356998 -0.476282954
1753978651263038720.000000 -1.727790117 4.269673347 -0.046899721 0.426260471 -0.551704586 0.535033345 -0.477140814
1753978651763157504.000000 -1.727872729 4.270740509 -0.046961248 0.428174496 -0.551442802 0.534474373 -0.476355582
1753978652296619264.000000 -1.730874538 4.269954205 -0.046618871 0.427078545 -0.552223563 0.533864141 -0.477118522
1753978652796739584.000000 -1.730084181 4.271834850 -0.046958078 0.429257840 -0.552576125 0.533307910 -0.475373507
1753978653330201088.000000 -1.732712507 4.273818016 -0.046591774 0.427558720 -0.552932858 0.534997165 -0.474591166
1753978653830323712.000000 -1.733013511 4.271230698 -0.047365766 0.426010132 -0.555226982 0.533751130 -0.474708557
1753978654330447104.000000 -1.735476136 4.268727779 -0.048057139 0.424880445 -0.557118535 0.532977283 -0.474374175
1753978654863912704.000000 -1.745893478 4.269613743 -0.047267191 0.422869802 -0.556277215 0.533760786 -0.476273268
1753978655364037632.000000 -1.749735832 4.270663738 -0.046270482 0.423954874 -0.555408299 0.534623444 -0.475354344
1753978655897501696.000000 -1.747373104 4.266240597 -0.046197884 0.421271980 -0.559104919 0.533026934 -0.475198835
1753978656430965760.000000 -1.733445287 4.266166210 -0.047361724 0.425247639 -0.562333643 0.528859615 -0.472496480
1753978656964432128.000000 -1.721885681 4.270092964 -0.048853144 0.426943839 -0.564564466 0.527610183 -0.469695151
1753978657497900288.000000 -1.718117952 4.268918991 -0.047543593 -0.429717809 0.565293729 -0.526260078 0.467798978
1753978657998030080.000000 -1.722801566 4.266706944 -0.049479365 -0.428752780 0.563985348 -0.527105629 0.469309419
1753978658531498496.000000 -1.719793797 4.267556190 -0.047194704 -0.429959476 0.566280305 -0.525109529 0.467676610
1753978659064957184.000000 -1.717365623 4.267529488 -0.047879890 -0.428327173 0.566215098 -0.525848985 0.468422085
1753978659565073408.000000 -1.716965556 4.265332222 -0.047580741 -0.428287357 0.565787077 -0.525433362 0.469440967
1753978660065191424.000000 -1.716583967 4.264600754 -0.048273996 -0.427718490 0.568332791 -0.524157107 0.468309969
1753978660598656000.000000 -1.721090674 4.265532970 -0.048669923 -0.428007066 0.568049550 -0.524169683 0.468375713
1753978661132128000.000000 -1.724685550 4.269710064 -0.048061959 -0.430165231 0.562573969 -0.526421845 0.470476747
1753978661665601536.000000 -1.724486113 4.268496037 -0.047922559 -0.429830074 0.562991023 -0.526494205 0.470203340
1753978662165734656.000000 -1.725199342 4.266721725 -0.048556909 -0.429636270 0.563285768 -0.525881648 0.470712632
1753978662665862400.000000 -1.722347975 4.268438339 -0.048070177 -0.430197090 0.562496543 -0.526070356 0.470933259
1753978663199330304.000000 -1.721256018 4.267045021 -0.047608994 -0.426248580 0.565655589 -0.527336240 0.469321340
1753978663732800256.000000 -1.718121052 4.264506817 -0.049036704 -0.427060217 0.570869148 -0.525471568 0.464335799
1753978664232929536.000000 -1.719515920 4.262835026 -0.048603833 -0.427547008 0.571538568 -0.524532199 0.464126408
1753978664733053696.000000 -1.721481562 4.262919426 -0.049451262 -0.426635563 0.573156178 -0.523963153 0.463612735
1753978665266518016.000000 -1.720444441 4.263531685 -0.049859524 -0.426158100 0.574685156 -0.525552750 0.460348308
1753978665799980032.000000 -1.721113801 4.262603283 -0.049471088 -0.427482069 0.571162879 -0.525251031 0.463835657
1753978666300101632.000000 -1.718946576 4.262628555 -0.048741266 -0.425835818 0.573280215 -0.525854647 0.462050438
1753978666833567488.000000 -1.710428953 4.262817383 -0.049648933 -0.430700034 0.571138382 -0.523929596 0.462381035
1753978667367033600.000000 -1.709642172 4.259325027 -0.048601948 -0.429431707 0.572708070 -0.524751008 0.460684717
1753978667900492800.000000 -1.713135004 4.258992195 -0.047510043 -0.423830956 0.576964259 -0.528735280 0.455980897
1753978668433949952.000000 -1.712900281 4.260802746 -0.048209228 -0.427137494 0.577644706 -0.525659561 0.455590039
1753978668934062336.000000 -1.712577581 4.261721134 -0.047273517 -0.425103128 0.577102304 -0.527785122 0.455722809
1753978669467516928.000000 -1.711094618 4.259463310 -0.048552811 -0.424472749 0.577074528 -0.527168632 0.457057148
1753978670000978688.000000 -1.715099573 4.260925770 -0.048468940 -0.423222810 0.575871170 -0.528407395 0.458301842
1753978670501100800.000000 -1.717917204 4.262036324 -0.048218478 -0.424033701 0.574892759 -0.528164327 0.459060192
1753978671001226496.000000 -1.717062950 4.261570454 -0.047987733 -0.425645322 0.574953854 -0.527171671 0.458633006
1753978671534690048.000000 -1.717867851 4.259950161 -0.048022032 -0.423984706 0.575083137 -0.527486026 0.459646583
1753978672068145408.000000 -1.718236327 4.262506962 -0.048343517 -0.423499316 0.572603881 -0.529490352 0.460882992
1753978672568258048.000000 -1.718379855 4.260295391 -0.048654161 -0.423051685 0.573610783 -0.528466761 0.461216778
1753978673101707520.000000 -1.720019221 4.259455204 -0.048878029 -0.422158092 0.574314833 -0.528195560 0.461469889
1753978673601825536.000000 -1.721348524 4.260417461 -0.048363093 -0.422793090 0.573347211 -0.528417706 0.461837441
1753978674135296000.000000 -1.723279595 4.260963917 -0.047724202 -0.423366696 0.573016584 -0.528653741 0.461452007
1753978674668760064.000000 -1.720241666 4.259995461 -0.048399832 -0.425071895 0.575112700 -0.526273787 0.459994763
1753978675202219520.000000 -1.718703389 4.258034229 -0.048394732 -0.422960341 0.574736595 -0.525796533 0.462947637
1753978675735677184.000000 -1.717376471 4.255780220 -0.048777744 -0.423592567 0.576612890 -0.524016142 0.462054163
1753978676269133312.000000 -1.723066926 4.251925468 -0.049071543 -0.419812769 0.577347994 -0.521579385 0.467313170
1753978676769263872.000000 -1.724211693 4.254139423 -0.048873655 -0.419437408 0.575742185 -0.523219705 0.467797458
1753978677302741504.000000 -1.727654219 4.254575253 -0.046218216 -0.418378294 0.574759305 -0.524200916 0.468854785
1753978677802857216.000000 -1.723111868 4.253280163 -0.048742846 -0.418851107 0.576770127 -0.522944987 0.467363477
1753978678336312320.000000 -1.720940113 4.253913403 -0.048772570 -0.419530988 0.576543331 -0.523287952 0.466649055
1753978678869762304.000000 -1.722100377 4.254029751 -0.049093686 -0.417957753 0.575505078 -0.524537861 0.467937171
1753978679403211520.000000 -1.725279808 4.255193710 -0.048567869 -0.417379528 0.575053036 -0.525596321 0.467821360
1753978679903324928.000000 -1.727130532 4.256577969 -0.048977420 -0.417891800 0.574936271 -0.526821196 0.466126800
1753978680403530752.000000 -1.725850224 4.255400181 -0.048718091 -0.418873221 0.576073170 -0.525109053 0.465774149
1753978680904872960.000000 -1.728125811 4.252113342 -0.049242653 -0.418209136 0.577334642 -0.523763537 0.466323525
1753978681439542784.000000 -1.723501086 4.255165100 -0.047633864 -0.417388052 0.578313649 -0.525137782 0.464296013
1753978681939544064.000000 -1.719939351 4.258555889 -0.046442211 -0.419681489 0.575230300 -0.525358200 0.465807319
1753978682506200320.000000 -1.716116905 4.263501167 -0.047091551 -0.422062695 0.572018802 -0.528238058 0.464351475
1753978683072854272.000000 -1.722141862 4.266496658 -0.045861781 -0.421336412 0.566440403 -0.531053782 0.468618095
1753978683606176512.000000 -1.732588053 4.266925335 -0.046117220 -0.418658733 0.560226738 -0.532941818 0.476281226
1753978684139506432.000000 -1.731009960 4.263268471 -0.046566501 -0.431835294 0.553319454 -0.518717945 0.488147199
1753978684706169600.000000 -1.724062204 4.265610218 -0.047500320 -0.432765990 0.556963801 -0.518980086 0.482871264
1753978685239493632.000000 -1.736784935 4.269173622 -0.045381427 -0.425561070 0.544271529 -0.530008674 0.491688013
1753978685772825600.000000 -1.743672729 4.274474621 -0.045629978 0.420813620 -0.532189906 0.542651057 -0.495196700
1753978686306149888.000000 -1.739030004 4.275170326 -0.044731896 0.423663855 -0.529411912 0.542919576 -0.495449722
1753978686839485952.000000 -1.738031864 4.277554035 -0.044321410 0.426985800 -0.529748797 0.544958055 -0.489969403
1753978687406143488.000000 -1.741313696 4.288054466 -0.041985705 0.430661350 -0.521201670 0.551449180 -0.488654882
1753978687906145024.000000 -1.735941529 4.290277481 -0.044421442 0.432061613 -0.515774548 0.549697518 -0.495108128
1753978688472801536.000000 -1.725272059 4.293377399 -0.043694731 0.435674191 -0.510159254 0.553714514 -0.493280709
1753978689006133504.000000 -1.720234513 4.292944908 -0.045205534 0.441738993 -0.515998900 0.546731651 -0.489587963
1753978689572793600.000000 -1.720035791 4.292732716 -0.044599183 0.438002318 -0.511082232 0.548929095 -0.495606542
1753978690106124544.000000 -1.716471910 4.288787365 -0.047460474 -0.432519495 0.511030257 -0.548287034 0.501155019
1753978690639450368.000000 -1.716442466 4.285075188 -0.045342997 -0.421874851 0.515839398 -0.547787309 0.505826533
1753978691172766976.000000 -1.718212485 4.288871288 -0.046560936 0.425937265 -0.513073385 0.559926689 -0.491747111
1753978691739427072.000000 -1.722540259 4.289153099 -0.042305026 0.433906496 -0.513428867 0.554786384 -0.490232587
1753978692272751104.000000 -1.732019424 4.291264057 -0.040880032 0.428751439 -0.510889232 0.561404169 -0.489887506
1753978692539420416.000000 -1.737456441 4.289874077 -0.040336147 0.426241189 -0.513999343 0.559509635 -0.490990996
1753978693039430912.000000 -1.739248395 4.288871288 -0.040618602 0.428546518 -0.514658093 0.556828678 -0.491341859
1753978693539435520.000000 -1.743579984 4.286377907 -0.041586772 0.426539481 -0.511760533 0.554524899 -0.498665571
1753978694039439104.000000 -1.747445941 4.280992985 -0.042184323 0.424466640 -0.515655220 0.552101612 -0.499110907
1753978694239435776.000000 -1.748133063 4.282021046 -0.041554183 0.425466269 -0.516874731 0.551069438 -0.498137951
1753978694806096640.000000 -1.739702106 4.277801037 -0.043514036 0.433311582 -0.524246514 0.542601645 -0.492940277
1753978695339408896.000000 -1.741645575 4.272997856 -0.045758985 0.436309814 -0.527027071 0.533506036 -0.497240037
1753978695906067968.000000 -1.738453746 4.274823666 -0.044425197 0.436024517 -0.524944663 0.537624419 -0.495253086
1753978696406096896.000000 -1.738404036 4.281712532 -0.043287978 0.435110122 -0.525771499 0.540369332 -0.492183506
1753978696940182528.000000 -1.746522903 4.283158302 -0.044091079 0.430764049 -0.524238586 0.542684913 -0.495085239
1753978697440895488.000000 -1.742896914 4.281290054 -0.043161169 0.433074921 -0.526364207 0.539476156 -0.494319975
1753978697974358016.000000 -1.739440560 4.278719902 -0.044060789 0.433404595 -0.525824904 0.538656831 -0.495497286
1753978698474476544.000000 -1.740686774 4.280228615 -0.045015179 0.433354706 -0.525285304 0.539425313 -0.495277226
1753978698974581760.000000 -1.741362453 4.278804779 -0.044295117 0.432593375 -0.525255203 0.539739847 -0.495631874
1753978699474690048.000000 -1.742770672 4.275910854 -0.044078737 0.431922287 -0.525605381 0.538257897 -0.497454226
1753978700008155648.000000 -1.745653033 4.278440475 -0.045656525 0.433983833 -0.523250997 0.538607478 -0.497763485
1753978700541622016.000000 -1.747899652 4.279138088 -0.044321284 0.437125891 -0.525295854 0.536876917 -0.494720668
1753978701041744896.000000 -1.750056505 4.278362274 -0.043664001 0.435688257 -0.525071681 0.537621737 -0.495417356
1753978701575210240.000000 -1.744120002 4.277966022 -0.044075996 0.437156707 -0.525133610 0.536516905 -0.495255888
1753978702108676608.000000 -1.744571209 4.278784752 -0.045215968 0.435973316 -0.524286687 0.537391722 -0.496246874
1753978702608799232.000000 -1.746315956 4.278654575 -0.044901304 0.435439050 -0.524747670 0.537805378 -0.495780408
1753978703142259712.000000 -1.750211120 4.281266689 -0.045401596 0.435721904 -0.522843719 0.538959086 -0.496290147
1753978703642378496.000000 -1.749297738 4.279105186 -0.044847116 0.434851050 -0.524019718 0.538660645 -0.496137738
1753978704175837440.000000 -1.751172304 4.280217648 -0.043870989 0.434934855 -0.522630036 0.539179087 -0.496966124
1753978704675961344.000000 -1.751193285 4.279090881 -0.044872709 0.437133342 -0.523617744 0.537789345 -0.495501399
1753978705209431552.000000 -1.752144217 4.278856754 -0.043834977 0.436481178 -0.525148749 0.537652671 -0.494603485
1753978705709553152.000000 -1.754914284 4.275933743 -0.043794423 0.435700804 -0.526179433 0.536502361 -0.495444417
1753978706243011072.000000 -1.754260898 4.275835514 -0.043716829 0.434771746 -0.526625633 0.537553191 -0.494646937
1753978706743125760.000000 -1.756470203 4.277605534 -0.045668185 0.430866390 -0.524820507 0.540625095 -0.496630907
1753978707276579328.000000 -1.755432487 4.277517319 -0.043201264 0.428797930 -0.520956397 0.543085992 -0.499794394
1753978707810036736.000000 -1.753324270 4.273750305 -0.042898837 -0.418736279 0.523758531 -0.544236779 0.504126370
1753978708343494400.000000 -1.755981326 4.274568081 -0.042554192 -0.420605183 0.519815028 -0.545187116 0.505622923
1753978708843616000.000000 -1.755025268 4.276901245 -0.041220427 -0.422772497 0.521243334 -0.543728352 0.503912985
1753978709343737088.000000 -1.754927039 4.276244640 -0.041440807 -0.421602517 0.522137225 -0.543826640 0.503861666
1753978709877206016.000000 -1.746753573 4.274446011 -0.042593367 -0.423987865 0.523666203 -0.541778564 0.502478004
1753978710377334016.000000 -1.743948102 4.274772167 -0.041650549 -0.425068170 0.523964643 -0.540816009 0.502290905
1753978710877452800.000000 -1.748168588 4.276745319 -0.042788327 -0.424863309 0.521092772 -0.543709636 0.502328038
1753978711377571328.000000 -1.746151447 4.276827812 -0.042684827 -0.425382286 0.522880554 -0.542652130 0.501173258
1753978711877681408.000000 -1.748393297 4.279055119 -0.042203665 0.425869882 -0.521856308 0.544419885 -0.499907941
1753978712477814784.000000 -1.748271465 4.277600288 -0.044245180 -0.426942319 0.522184014 -0.542698562 0.500522196
1753978713144647424.000000 -1.751770735 4.279398441 -0.042520732 0.430202603 -0.521282315 0.541617572 -0.499840826
1753978713778136576.000000 -1.750870228 4.279451847 -0.043822132 0.429395467 -0.523470044 0.541992188 -0.497838557
1753978714344942336.000000 -1.744590521 4.278703690 -0.044761699 0.430322111 -0.524789751 0.540794075 -0.496951163
1753978715045100288.000000 -1.737468362 4.278353691 -0.044963717 0.433849216 -0.526318908 0.538263202 -0.495011210
1753978715678582272.000000 -1.736156821 4.277110577 -0.044791795 0.434267253 -0.528134406 0.537107646 -0.493965060
1753978716378760960.000000 -1.740678430 4.278485298 -0.046701387 0.436150372 -0.527953029 0.536210060 -0.493474573
1753978717078935296.000000 -1.749130011 4.281054974 -0.044802811 0.435847521 -0.524534285 0.538595557 -0.494788289
1753978717812452864.000000 -1.754097939 4.277493954 -0.045509011 0.429936558 -0.525064468 0.539381921 -0.498526841
1753978718579314944.000000 -1.762399197 4.279973030 -0.043820836 0.429578364 -0.522651374 0.542749763 -0.497715414
1753978719279493632.000000 -1.756922245 4.280200958 -0.045103900 0.426407963 -0.526488066 0.542119443 -0.497084647
1753978720079678464.000000 -1.744849563 4.278108120 -0.044376794 0.430717289 -0.530479789 0.536911011 -0.494773179
1753978720747375104.000000 -1.745692253 4.278681755 -0.044117510 0.430518776 -0.529457688 0.538090646 -0.494759262
1753978721449224704.000000 -1.750097752 4.279313564 -0.043428589 0.430061340 -0.529201806 0.538921416 -0.494526416
1753978722149211648.000000 -1.745173216 4.279380322 -0.045773402 0.432359904 -0.528635859 0.537353158 -0.494833976
1753978722949196544.000000 -1.745958567 4.279422760 -0.044778034 0.433163643 -0.529981494 0.536550224 -0.493561327
1753978723715847680.000000 -1.749453783 4.278871059 -0.046365798 0.432031870 -0.529643595 0.537201405 -0.494207144
1753978724549160192.000000 -1.744858265 4.277523994 -0.044908587 0.434302390 -0.531905174 0.534607530 -0.492598295
1753978725315793920.000000 -1.733490348 4.276303291 -0.044811569 -0.437766641 0.535150468 -0.531520367 0.489347041
1753978726115769088.000000 -1.739039302 4.272787571 -0.046309009 -0.434957415 0.534412205 -0.531977296 0.492154211
1753978726949073152.000000 -1.740341187 4.272691250 -0.045865357 -0.435830295 0.535133421 -0.531150401 0.491491050
1753978727749044224.000000 -1.730175138 4.273458958 -0.046989866 -0.438467681 0.538309753 -0.529429853 0.487516940
1753978728582348288.000000 -1.731332898 4.275291443 -0.046543144 -0.439765871 0.536685646 -0.529847264 0.487684846
1753978729348988672.000000 -1.732447028 4.271611214 -0.046431262 -0.437369436 0.537128031 -0.529017985 0.490246326
1753978730248987136.000000 -1.734793186 4.274369240 -0.046232000 -0.437834769 0.535447240 -0.530862749 0.489675254
1753978731148975616.000000 -1.741151929 4.275166035 -0.046497125 -0.435333014 0.533885300 -0.533380389 0.490873754
1753978732015624192.000000 -1.739558339 4.274678707 -0.045440845 -0.436178416 0.536429644 -0.531600356 0.489277661
1753978732948934912.000000 -1.741725683 4.274490833 -0.045121748 -0.437241435 0.536211610 -0.531657279 0.488505602
1753978733848913920.000000 -1.750021815 4.278565407 -0.045271337 0.432399392 -0.535769284 0.535814047 -0.488758981
1753978734748896768.000000 -1.739961624 4.283933163 -0.047181480 0.434105963 -0.534525394 0.538940072 -0.485157907
1753978735615549440.000000 -1.737318277 4.280535698 -0.046280202 -0.436557889 0.537805080 -0.533659995 0.485170007
1753978736615832832.000000 -1.733338118 4.278982162 -0.045320794 -0.436599642 0.536366761 -0.532851994 0.487606645
1753978737550424832.000000 -1.733722687 4.277123928 -0.045447133 -0.435308218 0.535728991 -0.532956243 0.489345372
1753978738483984128.000000 -1.725587845 4.288439751 -0.047042217 -0.437932104 0.535960019 -0.533282578 0.486386627
1753978739450886656.000000 -1.664850473 4.353425503 -0.046147116 -0.403879344 0.563237965 -0.548946798 0.467227817
1753978740351107328.000000 -1.411236882 4.264340401 -0.050631542 -0.437139541 0.543995619 -0.519859552 0.492670268
1753978741318017024.000000 -1.160093904 4.310226917 -0.057643734 -0.449288785 0.569907725 -0.518729031 0.451956809
1753978742287162368.000000 -0.978601754 4.343972683 -0.068056777 -0.446728706 0.602607489 -0.504620850 0.427382290
1753978743287495168.000000 -0.884940445 4.246757984 -0.066557445 -0.504345298 0.576091766 -0.462861568 0.446669042
1753978744087494144.000000 -1.022394180 4.341993332 -0.069635168 -0.488164395 0.589382172 -0.481865346 0.426767021
1753978744787493632.000000 -1.167093873 4.385760307 -0.065985218 -0.484810323 0.571384013 -0.494283676 0.440639079
1753978745387483392.000000 -1.318959475 4.329435349 -0.073196888 -0.487588704 0.579298198 -0.476214021 0.447091937
1753978745887484672.000000 -1.455290556 4.308576584 -0.068367884 -0.483827978 0.590107679 -0.473600507 0.439756632
1753978746454139648.000000 -1.591513276 4.331097603 -0.066547424 -0.448095262 0.605319500 -0.492562860 0.436097383
1753978746987469312.000000 -1.739573479 4.391122341 -0.058159519 -0.459186018 0.599071801 -0.498341054 0.426517636
1753978747821782784.000000 -1.946160674 4.382292747 -0.053215384 -0.456024468 0.579274952 -0.510016561 0.443131357
1753978748623308544.000000 -2.143024683 4.355189800 -0.049683999 -0.450618535 0.589021266 -0.499788284 0.447446793
1753978749723021056.000000 -2.416548014 4.415174961 -0.061614282 -0.457912236 0.587585509 -0.495554239 0.446638316
1753978750589453568.000000 -2.572461605 4.441815376 -0.054646414 -0.464615732 0.558540881 -0.514205337 0.455804020
1753978751655840000.000000 -2.791681290 4.389097214 -0.049988948 -0.441818208 0.581110001 -0.502755582 0.462973744
1753978752555606784.000000 -2.943397045 4.509829044 -0.045819316 -0.458707154 0.572372437 -0.502186179 0.458024800
1753978753355386880.000000 -3.036731958 4.486725807 -0.041624822 -0.460654616 0.562873840 -0.504317701 0.465439588
1753978754055193856.000000 -3.136278152 4.433154106 -0.039859906 -0.460743606 0.553882003 -0.505995631 0.474234581
1753978754788320256.000000 -3.030673027 4.470290661 -0.037702180 -0.453983694 0.556568265 -0.513826847 0.469161659
1753978755421469952.000000 -2.872358799 4.514687538 -0.041212749 -0.430733621 0.581780076 -0.521986365 0.451143980
1753978756021321984.000000 -2.639060497 4.429017067 -0.043350145 -0.449287325 0.567566097 -0.500084996 0.475315213
1753978756621157888.000000 -2.387727261 4.381286144 -0.055117313 -0.475469798 0.574205041 -0.479298770 0.463130504
1753978757254325760.000000 -2.131771088 4.430607319 -0.048626196 -0.433600247 0.590936482 -0.525646746 0.431833893
1753978757988280320.000000 -1.806301236 4.355329514 -0.059410915 -0.480096877 0.564839602 -0.485989392 0.462901294
1753978758755531008.000000 -1.524387479 4.326018810 -0.070948914 -0.488334537 0.560234606 -0.490298867 0.455273002
1753978759622173184.000000 -1.228898644 4.359363556 -0.067098416 -0.458935112 0.589745164 -0.509358048 0.426771075
1753978760588836864.000000 -0.985291064 4.240930557 -0.066825151 -0.467340052 0.557593644 -0.491626531 0.478524894
1753978761655500544.000000 -0.958636045 4.323722839 -0.066528440 -0.444328755 0.587077498 -0.509069979 0.445824742
1753978762688814080.000000 -1.245823026 4.245941639 -0.061070770 -0.439663678 0.590328634 -0.489291340 0.467762828
1753978763622395392.000000 -1.549077988 4.378572464 -0.063567221 -0.442888916 0.598589003 -0.503591835 0.438104898
1753978764189918464.000000 -1.745330215 4.407693863 -0.060825333 -0.466949880 0.547457099 -0.506898999 0.474659801
1753978764923762432.000000 -1.976610780 4.382071495 -0.054598801 -0.458302170 0.586078763 -0.496743083 0.446897119
1753978765857312000.000000 -2.169592381 4.479836941 -0.055261403 -0.447215587 0.595154822 -0.498387694 0.444295794
1753978767024245760.000000 -2.455485582 4.417656898 -0.054660223 -0.463517517 0.573094666 -0.495602787 0.459447503
1753978768091182592.000000 -2.695791960 4.457109928 -0.046482876 -0.439789623 0.581707299 -0.511590660 0.454397172
1753978769191458304.000000 -2.936144590 4.452433586 -0.041487418 -0.447545528 0.562671542 -0.506654501 0.475820422
1753978770125012224.000000 -3.120959520 4.395792484 -0.034229092 -0.426523149 0.583019435 -0.492768645 0.485124171
1753978770991885056.000000 -3.268091440 4.540660381 -0.045863546 -0.460088581 0.576398313 -0.505526900 0.447801471
1753978771792079872.000000 -3.397780895 4.543804169 -0.033865936 -0.457674235 0.546268702 -0.505453706 0.486458123
1753978772558936320.000000 -3.520115852 4.473456383 -0.030175494 -0.437952250 0.557467103 -0.508865237 0.488348633
1753978773292452864.000000 -3.454026937 4.496009350 -0.035502318 -0.458664238 0.537047267 -0.501280367 0.499925494
1753978773992638464.000000 -3.292351246 4.586407661 -0.033979975 -0.427462906 0.564426899 -0.538443327 0.456920743
1753978774559450112.000000 -3.167216063 4.571887970 -0.042129762 -0.427900612 0.572802544 -0.532902777 0.452562600
1753978775126231040.000000 -3.014403820 4.433917522 -0.035902977 -0.433875889 0.544143856 -0.514988244 0.500446200
1753978775793043456.000000 -2.832291126 4.358568192 -0.040532131 -0.409614891 0.576505661 -0.532359362 0.465242296
1753978776426524416.000000 -2.606415987 4.331509590 -0.043564558 -0.412581831 0.575834155 -0.560924292 0.428433329
1753978777093348096.000000 -2.444915771 4.181382179 -0.044389509 -0.384174526 0.583467007 -0.558439314 0.447349668
1753978777861070080.000000 -2.257663488 4.002759933 -0.038830414 -0.407784998 0.569388628 -0.540531754 0.466190279
1753978778662735872.000000 -1.988513708 4.016140938 -0.041895617 -0.402397931 0.569066703 -0.556097269 0.452763647
1753978779629390848.000000 -1.673051238 3.940109253 -0.052572589 -0.410959870 0.570875168 -0.519243836 0.485385895
1753978780529378816.000000 -1.431843638 3.982320547 -0.051649317 -0.432434231 0.558163583 -0.516187906 0.484772146
1753978781629364224.000000 -1.394341946 4.303539276 -0.065481097 -0.395398080 0.589045167 -0.570899725 0.413230807
1753978782762667776.000000 -1.452178478 4.604884148 -0.059311394 -0.392299294 0.575518429 -0.553164363 0.457043856
1753978783929330944.000000 -1.182847261 4.741528988 -0.054148279 -0.460425109 0.528025985 -0.476074070 0.531554997
1753978785095981568.000000 -1.305029511 4.938333035 -0.062299799 -0.482358485 0.533258498 -0.496959448 0.485795200
1753978786197726720.000000 -1.579920053 4.737448215 -0.051474493 -0.477225810 0.553960681 -0.451984972 0.510972381
1753978787398284544.000000 -1.946868658 4.870005608 -0.049224108 -0.457968861 0.547414005 -0.509728551 0.480394810
1753978787931497216.000000 -2.090861320 4.864930630 -0.060032614 -0.453103215 0.562087953 -0.498324901 0.480028093
1753978788498012416.000000 -2.185184240 4.940853596 -0.043810263 -0.454514563 0.562112808 -0.499736607 0.477188766
1753978789064546048.000000 -2.207225323 5.116973400 -0.056219637 -0.449278295 0.552097857 -0.490681469 0.502562225
1753978789797699584.000000 -2.191728592 5.201728821 -0.063715041 -0.467192084 0.540206552 -0.496168733 0.493685186
1753978790864124416.000000 -1.992520213 4.915249348 -0.046065848 -0.486648828 0.506743312 -0.480834275 0.524578571
1753978791863875840.000000 -1.760147691 4.805562973 -0.052824073 0.410384089 -0.560898244 0.576787651 -0.429294974
1753978792563694848.000000 -1.671223283 4.586787224 -0.049268425 -0.380305290 0.590567589 -0.561210692 0.437767595
1753978793263528704.000000 -1.718589306 4.359308720 -0.054253239 -0.393410176 0.573490024 -0.536598861 0.477911294
1753978793797119232.000000 -1.816036582 4.324631691 -0.059585690 -0.453133970 0.555592120 -0.512061954 0.473053515
1753978795031308288.000000 -1.949581623 4.015578270 -0.053747714 -0.447736204 0.537720263 -0.528180718 0.481055588
1753978796164634368.000000 -1.940604806 4.050041676 -0.052279688 -0.464494258 0.535792410 -0.493216306 0.503894150
1753978797564617728.000000 -1.881356239 4.361981869 -0.063496999 -0.467609435 0.524471641 -0.436686456 0.561761379
1753978799064604672.000000 -2.050958872 4.837083817 -0.052079245 0.410194904 -0.549169183 0.555082679 -0.471207589
1753978800464577792.000000 -2.359232664 5.044314861 -0.050593235 -0.407187879 0.571093082 -0.516116858 0.491603553
1753978801764920832.000000 -2.488441229 5.090854168 -0.058030777 -0.536707580 0.497625858 -0.420326680 0.536319971
1753978802599421440.000000 -2.625395775 5.202327728 -0.045475181 -0.476802558 0.524095058 -0.467635959 0.528488755
1753978803766989568.000000 -2.656325579 5.243558407 -0.058443908 -0.473594308 0.526343763 -0.489025176 0.509436071
1753978804869047040.000000 -2.634143829 4.941393852 -0.053168923 -0.427161157 0.569909692 -0.508227587 0.484191239
1753978805435687680.000000 -2.504382133 4.891151428 -0.057468988 -0.411384523 0.575004280 -0.560151100 0.431698501
1753978806002346752.000000 -2.464176178 4.738549709 -0.046782926 -0.364932567 0.618677020 -0.569147170 0.400168061
1753978806535661824.000000 -2.494959116 4.536846638 -0.043044686 -0.361621022 0.614050388 -0.571655095 0.406672955
1753978807535640320.000000 -2.390499353 4.315673828 -0.044377569 -0.267191291 0.654875219 -0.632930934 0.314874202
1753978808768953600.000000 -2.511927128 3.992041826 -0.044304688 0.311168075 -0.589220107 0.628487349 -0.401245356
1753978810102262784.000000 -2.762008667 4.129864693 -0.032740213 0.368104070 -0.548018217 0.600581050 -0.451085210
1753978811235586816.000000 -2.968522549 4.157781601 -0.026924202 -0.345664114 0.594775438 -0.586372375 0.427698582
1753978812302272256.000000 -3.093388557 4.273105145 -0.036784131 -0.388428897 0.593043149 -0.569564223 0.415956020
1753978813368937984.000000 -3.214675903 4.224702835 -0.029179247 -0.384388894 0.607160807 -0.563926756 0.406924576
1753978814402267136.000000 -3.229929209 4.478815079 -0.035797022 -0.429079562 0.571336448 -0.516020656 0.472427875
1753978815335596288.000000 -3.069523335 4.624967575 -0.051558595 -0.485866398 0.515049875 -0.440740973 0.551728964
1753978816168922368.000000 -3.021030903 4.897877216 -0.044646494 -0.448329568 0.567138672 -0.479073137 0.497838587
1753978817135577088.000000 -2.889549732 5.098542690 -0.048753440 -0.482955903 0.534538031 -0.439621657 0.536428392
1753978818035579648.000000 -2.869601250 5.260784626 -0.073421009 -0.488001466 0.529635847 -0.431271493 0.543456793
1753978818868928768.000000 -2.985490561 5.234148026 -0.065771013 -0.503347278 0.499217331 -0.425672144 0.562340617
1753978819802676992.000000 -2.943794012 5.030230045 -0.059152197 -0.460999817 0.556256473 -0.468279064 0.508697093
1753978820437005056.000000 -2.798520565 4.977666378 -0.047848947 -0.402851373 0.590560973 -0.547655821 0.434766173
1753978821003910144.000000 -2.727186680 4.787147522 -0.043107010 -0.380415648 0.598758221 -0.545166492 0.446728081
1753978821504028928.000000 -2.669500113 4.619923592 -0.044339538 -0.386715114 0.600971162 -0.542160988 0.441980153
1753978822237529600.000000 -2.494461060 4.558107376 -0.044862323 0.389154613 -0.569386244 0.588762224 -0.421565175
1753978823337789184.000000 -2.167850494 4.300702095 -0.035945266 -0.394424915 0.575903833 -0.545249522 0.464183837
1753978824304664576.000000 -1.895331144 4.239748955 -0.048993587 0.404933840 -0.557891190 0.558659732 -0.461178124
1753978825438235904.000000 -1.577757001 4.120906830 -0.050568350 -0.397918999 0.592561722 -0.537611067 0.448893666
1753978826705625344.000000 -1.594195604 4.172829151 -0.062971339 -0.436386943 0.590830147 -0.518693328 0.437542498
1753978828141228800.000000 -1.913369060 4.114731789 -0.061560083 0.430671573 -0.595641017 0.526718855 -0.426967412
1753978829907865344.000000 -2.264467716 4.041603565 -0.043091826 0.384839177 -0.607198179 0.563691020 -0.406769782
1753978831441137664.000000 -2.075864553 3.825920343 -0.045473240 0.277593911 -0.647085249 0.628507435 -0.330455542
1753978833041077760.000000 -1.739936113 3.682331562 -0.052434951 0.312099159 -0.632128537 0.597717583 -0.381760746
1753978834607690240.000000 -1.962548971 3.973324537 -0.052806936 0.307205141 -0.648133039 0.607502222 -0.341305733
1753978835907672576.000000 -2.206624508 4.167883396 -0.052572422 0.352598816 -0.617596924 0.574180067 -0.405666620
1753978836940992256.000000 -2.478867054 4.187881470 -0.045615036 0.375623882 -0.605114341 0.565700591 -0.415603340
1753978837974319616.000000 -2.763565302 4.259232044 -0.042566355 0.370461941 -0.608286262 0.540704966 -0.447642684
1753978839140977408.000000 -3.042673349 4.301451683 -0.031512007 0.414920509 -0.589433551 0.538398325 -0.436504692
1753978840407605760.000000 -3.304974318 4.372071266 -0.023297759 0.377483070 -0.602147341 0.542860031 -0.447468549
1753978841640912640.000000 -3.228515863 4.565912724 -0.043838199 -0.447893590 0.541469872 -0.451177984 0.550127506
1753978842841326848.000000 -3.187924862 4.929088116 -0.043652818 -0.458447993 0.532120407 -0.462183386 0.541350007
1753978843942495232.000000 -2.929493904 4.944190502 -0.041482478 -0.456378460 0.523408949 -0.442946166 0.567063153
1753978844942725632.000000 -2.607061863 5.017806530 -0.039476275 0.377411991 -0.573172450 0.542231202 -0.484787345
1753978845842927360.000000 -2.266695976 4.878147602 -0.050740160 -0.421095371 0.537121475 -0.510954320 0.522594333
1753978846809803008.000000 -1.959438682 4.829431534 -0.056896430 -0.440844208 0.518839478 -0.514854491 0.520948052
1753978847543294976.000000 -1.706652522 4.795489788 -0.058124635 -0.432528377 0.552622139 -0.500764906 0.506717443
1753978848876930304.000000 -1.357592940 4.666449547 -0.051833712 -0.471882552 0.492212832 -0.484158963 0.548309624
1753978850243891200.000000 -1.307224274 4.349395752 -0.060213469 -0.452333421 0.524736881 -0.494319469 0.525065780
1753978851377467392.000000 -1.606421113 4.028025150 -0.068454087 -0.469998091 0.507174134 -0.502699673 0.518815279
1753978852677750016.000000 -1.962861300 3.715118408 -0.046177424 0.428212941 -0.568585753 0.543081820 -0.445428014
1753978853177873152.000000 -2.061762094 3.687169790 -0.042958539 0.387761325 -0.597048759 0.554458857 -0.430986434
1753978854178107648.000000 -2.230119228 3.979854584 -0.053369403 0.384515792 -0.600598097 0.558167458 -0.424120992
1753978855511744768.000000 -2.430651665 4.356651783 -0.052848171 0.418431133 -0.585891485 0.532114744 -0.445533782
1753978857012076800.000000 -2.549352169 4.699240685 -0.043416694 0.411803275 -0.575503767 0.517693400 -0.480839878
